<?xml version="1.0" encoding="utf-8"?>
<COLLADA xmlns="http://www.collada.org/2005/11/COLLADASchema" version="1.4.1">
  <asset>
    <contributor>
      <author>Mixamo</author>
      <authoring_tool>COLLADA Mixamo exporter</authoring_tool>
      <comments/>
    </contributor>
    <created>2024-05-07T05:21:00Z</created>
    <modified>2024-05-07T05:21:00Z</modified>
    <revision/>
    <title/>
    <unit meter="0.010000"/>
    <up_axis>Y_UP</up_axis>
  </asset>
  <library_animations>
    <animation id="mixamorig_Hips-anim" name="mixamorig_Hips">
      <source id="mixamorig_Hips-Matrix-animation-input">
        <float_array id="mixamorig_Hips-Matrix-animation-input-array" count="301">

0.000000 0.033333 0.066667 0.100000 0.133333 0.166667 0.200000 0.233333 0.266667 0.300000 0.333333 0.366667 0.400000 0.433333 0.466667 0.500000
0.533333 0.566667 0.600000 0.633333 0.666667 0.700000 0.733333 0.766667 0.800000 0.833333 0.866667 0.900000 0.933333 0.966667 1.000000 1.033333
1.066667 1.100000 1.133333 1.166667 1.200000 1.233333 1.266667 1.300000 1.333333 1.366667 1.400000 1.433333 1.466667 1.500000 1.533333 1.566667
1.600000 1.633333 1.666667 1.700000 1.733333 1.766667 1.800000 1.833333 1.866667 1.900000 1.933333 1.966667 2.000000 2.033333 2.066667 2.100000
2.133333 2.166667 2.200000 2.233333 2.266667 2.300000 2.333333 2.366667 2.400000 2.433333 2.466667 2.500000 2.533333 2.566667 2.600000 2.633333
2.666667 2.700000 2.733333 2.766667 2.800000 2.833333 2.866667 2.900000 2.933333 2.966667 3.000000 3.033333 3.066667 3.100000 3.133333 3.166667
3.200000 3.233333 3.266667 3.300000 3.333333 3.366667 3.400000 3.433333 3.466667 3.500000 3.533333 3.566667 3.600000 3.633333 3.666667 3.700000
3.733333 3.766667 3.800000 3.833333 3.866667 3.900000 3.933333 3.966667 4.000000 4.033333 4.066667 4.100000 4.133333 4.166667 4.200000 4.233333
4.266667 4.300000 4.333333 4.366667 4.400000 4.433333 4.466667 4.500000 4.533333 4.566667 4.600000 4.633333 4.666667 4.700000 4.733333 4.766667
4.800000 4.833333 4.866667 4.900000 4.933333 4.966667 5.000000 5.033333 5.066667 5.100000 5.133333 5.166667 5.200000 5.233333 5.266667 5.300000
5.333333 5.366667 5.400000 5.433333 5.466667 5.500000 5.533333 5.566667 5.600000 5.633333 5.666667 5.700000 5.733333 5.766667 5.800000 5.833333
5.866667 5.900000 5.933333 5.966667 6.000000 6.033333 6.066667 6.100000 6.133333 6.166667 6.200000 6.233333 6.266667 6.300000 6.333333 6.366667
6.400000 6.433333 6.466667 6.500000 6.533333 6.566667 6.600000 6.633333 6.666667 6.700000 6.733333 6.766667 6.800000 6.833333 6.866667 6.900000
6.933333 6.966667 7.000000 7.033333 7.066667 7.100000 7.133333 7.166667 7.200000 7.233333 7.266667 7.300000 7.333333 7.366667 7.400000 7.433333
7.466667 7.500000 7.533333 7.566667 7.600000 7.633333 7.666667 7.700000 7.733333 7.766667 7.800000 7.833333 7.866667 7.900000 7.933333 7.966667
8.000000 8.033333 8.066667 8.100000 8.133333 8.166667 8.200000 8.233333 8.266667 8.300000 8.333333 8.366667 8.400000 8.433333 8.466667 8.500000
8.533333 8.566667 8.600000 8.633333 8.666667 8.700000 8.733333 8.766667 8.800000 8.833333 8.866667 8.900000 8.933333 8.966667 9.000000 9.033333
9.066667 9.100000 9.133333 9.166667 9.200000 9.233333 9.266667 9.300000 9.333333 9.366667 9.400000 9.433333 9.466667 9.500000 9.533333 9.566667
9.600000 9.633333 9.666667 9.700000 9.733333 9.766667 9.800000 9.833333 9.866667 9.900000 9.933333 9.966667 10.000000</float_array>
        <technique_common>
          <accessor source="#mixamorig_Hips-Matrix-animation-input-array" count="301">
            <param name="TIME" type="float"/>
          </accessor>
        </technique_common>
      </source>
      <source id="mixamorig_Hips-Matrix-animation-output-transform">
        <float_array id="mixamorig_Hips-Matrix-animation-output-transform-array" count="4816">

0.729090 0.051612 -0.682469 -0.414022 0.001977 0.996990 0.077510 105.325256 0.684415 -0.057861 0.726793 -0.252999 0.000000 0.000000 0.000000 1.000000
0.728786 0.051876 -0.682774 -0.400326 0.001985 0.996962 0.077867 105.336761 0.684739 -0.058104 0.726468 -0.265418 0.000000 0.000000 0.000000 1.000000
0.728567 0.052205 -0.682982 -0.384536 0.001920 0.996932 0.078249 105.348877 0.684972 -0.058321 0.726232 -0.272868 0.000000 0.000000 0.000000 1.000000
0.728564 0.052591 -0.682955 -0.368557 0.001749 0.996902 0.078632 105.362587 0.684975 -0.058483 0.726215 -0.271784 0.000000 0.000000 0.000000 1.000000
0.728843 0.053009 -0.682625 -0.355192 0.001524 0.996870 0.079039 105.378220 0.684679 -0.058648 0.726482 -0.259039 0.000000 0.000000 0.000000 1.000000
0.729340 0.053455 -0.682060 -0.346260 0.001344 0.996829 0.079562 105.395309 0.684151 -0.058944 0.726955 -0.234073 0.000000 0.000000 0.000000 1.000000
0.729896 0.053931 -0.681427 -0.341399 0.001272 0.996774 0.080252 105.414490 0.683557 -0.059443 0.727473 -0.198783 0.000000 0.000000 0.000000 1.000000
0.730344 0.054391 -0.680911 -0.338988 0.001292 0.996713 0.081003 105.438538 0.683078 -0.060040 0.727873 -0.155507 0.000000 0.000000 0.000000 1.000000
0.730588 0.054750 -0.680620 -0.337166 0.001338 0.996663 0.081610 105.469666 0.682817 -0.060534 0.728077 -0.105465 0.000000 0.000000 0.000000 1.000000
0.730614 0.054997 -0.680572 -0.333593 0.001354 0.996632 0.081991 105.506027 0.682789 -0.060825 0.728079 -0.049421 0.000000 0.000000 0.000000 1.000000
0.730454 0.055221 -0.680726 -0.324812 0.001336 0.996608 0.082279 105.541328 0.682961 -0.061011 0.727902 0.010528 0.000000 0.000000 0.000000 1.000000
0.730199 0.055516 -0.680976 -0.308230 0.001344 0.996575 0.082686 105.568558 0.683233 -0.061293 0.727623 0.070656 0.000000 0.000000 0.000000 1.000000
0.730053 0.055906 -0.681100 -0.285649 0.001425 0.996522 0.083323 105.585670 0.683389 -0.061800 0.727434 0.128083 0.000000 0.000000 0.000000 1.000000
0.730244 0.056376 -0.680857 -0.263634 0.001535 0.996452 0.084154 105.598045 0.683185 -0.062498 0.727566 0.182603 0.000000 0.000000 0.000000 1.000000
0.730778 0.056903 -0.680240 -0.248644 0.001571 0.996377 0.085037 105.615601 0.682614 -0.063211 0.728040 0.235411 0.000000 0.000000 0.000000 1.000000
0.731337 0.057427 -0.679594 -0.241313 0.001464 0.996314 0.085766 105.645172 0.682014 -0.063718 0.728558 0.286125 0.000000 0.000000 0.000000 1.000000
0.731513 0.057862 -0.679368 -0.236931 0.001235 0.996279 0.086183 105.685501 0.681826 -0.063883 0.728719 0.332673 0.000000 0.000000 0.000000 1.000000
0.731182 0.058174 -0.679698 -0.230664 0.000964 0.996268 0.086306 105.728874 0.682182 -0.063761 0.728397 0.374011 0.000000 0.000000 0.000000 1.000000
0.730612 0.058416 -0.680289 -0.221544 0.000724 0.996267 0.086326 105.766960 0.682793 -0.063563 0.727842 0.412145 0.000000 0.000000 0.000000 1.000000
0.730185 0.058651 -0.680727 -0.211678 0.000549 0.996258 0.086425 105.794998 0.683249 -0.063480 0.727421 0.450739 0.000000 0.000000 0.000000 1.000000
0.730083 0.058876 -0.680817 -0.203528 0.000454 0.996240 0.086640 105.814774 0.683358 -0.063563 0.727311 0.493827 0.000000 0.000000 0.000000 1.000000
0.730238 0.059047 -0.680636 -0.198112 0.000441 0.996217 0.086898 105.830727 0.683192 -0.063757 0.727450 0.542439 0.000000 0.000000 0.000000 1.000000
0.730485 0.059146 -0.680363 -0.194970 0.000494 0.996197 0.087133 105.846863 0.682929 -0.063985 0.727677 0.594617 0.000000 0.000000 0.000000 1.000000
0.730683 0.059188 -0.680146 -0.192970 0.000579 0.996181 0.087312 105.863907 0.682716 -0.064191 0.727858 0.646287 0.000000 0.000000 0.000000 1.000000
0.730737 0.059182 -0.680089 -0.190903 0.000671 0.996172 0.087408 105.879608 0.682659 -0.064329 0.727900 0.692199 0.000000 0.000000 0.000000 1.000000
0.730595 0.059119 -0.680247 -0.187983 0.000753 0.996174 0.087385 105.891525 0.682811 -0.064355 0.727755 0.727251 0.000000 0.000000 0.000000 1.000000
0.730301 0.059016 -0.680572 -0.184643 0.000794 0.996187 0.087237 105.899651 0.683125 -0.064250 0.727470 0.748526 0.000000 0.000000 0.000000 1.000000
0.729990 0.058923 -0.680914 -0.182034 0.000753 0.996207 0.087014 105.905624 0.683458 -0.064033 0.727176 0.756764 0.000000 0.000000 0.000000 1.000000
0.729753 0.058865 -0.681172 -0.180507 0.000639 0.996228 0.086776 105.909142 0.683711 -0.063760 0.726962 0.754376 0.000000 0.000000 0.000000 1.000000
0.729582 0.058819 -0.681360 -0.178643 0.000520 0.996247 0.086559 105.906006 0.683893 -0.063507 0.726813 0.742718 0.000000 0.000000 0.000000 1.000000
0.729455 0.058764 -0.681500 -0.174875 0.000467 0.996260 0.086404 105.890900 0.684028 -0.063347 0.726700 0.721832 0.000000 0.000000 0.000000 1.000000
0.729431 0.058738 -0.681528 -0.168924 0.000475 0.996263 0.086372 105.863373 0.684054 -0.063326 0.726677 0.692175 0.000000 0.000000 0.000000 1.000000
0.729581 0.058805 -0.681362 -0.162601 0.000473 0.996253 0.086489 105.830528 0.683894 -0.063423 0.726819 0.655542 0.000000 0.000000 0.000000 1.000000
0.729862 0.058944 -0.681049 -0.158657 0.000410 0.996238 0.086662 105.803619 0.683595 -0.063531 0.727092 0.614701 0.000000 0.000000 0.000000 1.000000
0.730080 0.059015 -0.680808 -0.158246 0.000315 0.996235 0.086695 105.790398 0.683361 -0.063509 0.727313 0.571816 0.000000 0.000000 0.000000 1.000000
0.730032 0.058878 -0.680872 -0.159376 0.000269 0.996257 0.086440 105.788864 0.683413 -0.063287 0.727284 0.527037 0.000000 0.000000 0.000000 1.000000
0.729673 0.058555 -0.681284 -0.158119 0.000314 0.996298 0.085966 105.787727 0.683796 -0.062941 0.726954 0.478986 0.000000 0.000000 0.000000 1.000000
0.729210 0.058222 -0.681809 -0.152808 0.000414 0.996336 0.085524 105.774109 0.684290 -0.062647 0.726514 0.427387 0.000000 0.000000 0.000000 1.000000
0.728951 0.058033 -0.682102 -0.145746 0.000509 0.996354 0.085313 105.742538 0.684566 -0.062536 0.726263 0.374818 0.000000 0.000000 0.000000 1.000000
0.729025 0.057959 -0.682029 -0.141097 0.000590 0.996355 0.085302 105.700539 0.684487 -0.062590 0.726333 0.326129 0.000000 0.000000 0.000000 1.000000
0.729260 0.057857 -0.681786 -0.140979 0.000696 0.996355 0.085296 105.660942 0.684236 -0.062677 0.726562 0.283663 0.000000 0.000000 0.000000 1.000000
0.729350 0.057643 -0.681708 -0.144483 0.000841 0.996368 0.085149 105.632896 0.684141 -0.062676 0.726652 0.245490 0.000000 0.000000 0.000000 1.000000
0.729115 0.057350 -0.681984 -0.149583 0.001003 0.996392 0.084862 105.616241 0.684391 -0.062558 0.726427 0.206918 0.000000 0.000000 0.000000 1.000000
0.728616 0.057041 -0.682543 -0.154224 0.001165 0.996421 0.084515 105.603462 0.684921 -0.062374 0.725943 0.163140 0.000000 0.000000 0.000000 1.000000
0.728069 0.056751 -0.683151 -0.156847 0.001313 0.996450 0.084177 105.586258 0.685503 -0.062183 0.725410 0.111533 0.000000 0.000000 0.000000 1.000000
0.727671 0.056503 -0.683595 -0.156989 0.001417 0.996475 0.083873 105.561218 0.685925 -0.062000 0.725026 0.052690 0.000000 0.000000 0.000000 1.000000
0.727508 0.056306 -0.683785 -0.155766 0.001451 0.996498 0.083600 105.530952 0.686098 -0.061812 0.724878 -0.009986 0.000000 0.000000 0.000000 1.000000
0.727548 0.056120 -0.683758 -0.154712 0.001446 0.996521 0.083329 105.501167 0.686055 -0.061615 0.724936 -0.072251 0.000000 0.000000 0.000000 1.000000
0.727708 0.055884 -0.683607 -0.154015 0.001468 0.996546 0.083029 105.476593 0.685886 -0.061424 0.725112 -0.130464 0.000000 0.000000 0.000000 1.000000
0.727876 0.055567 -0.683453 -0.151906 0.001562 0.996574 0.082688 105.457619 0.685707 -0.061254 0.725296 -0.181872 0.000000 0.000000 0.000000 1.000000
0.727929 0.055196 -0.683427 -0.146223 0.001717 0.996605 0.082319 105.440880 0.685650 -0.061095 0.725363 -0.224141 0.000000 0.000000 0.000000 1.000000
0.727789 0.054848 -0.683604 -0.136985 0.001874 0.996634 0.081959 105.422958 0.685798 -0.060930 0.725237 -0.256067 0.000000 0.000000 0.000000 1.000000
0.727487 0.054604 -0.683945 -0.126494 0.001970 0.996658 0.081666 105.403625 0.686119 -0.060758 0.724948 -0.278599 0.000000 0.000000 0.000000 1.000000
0.727139 0.054488 -0.684324 -0.117411 0.001984 0.996674 0.081467 105.385300 0.686487 -0.060595 0.724613 -0.294874 0.000000 0.000000 0.000000 1.000000
0.726877 0.054432 -0.684607 -0.111375 0.001955 0.996686 0.081321 105.370354 0.686764 -0.060449 0.724362 -0.308608 0.000000 0.000000 0.000000 1.000000
0.726782 0.054339 -0.684715 -0.108480 0.001930 0.996700 0.081146 105.359512 0.686865 -0.060297 0.724279 -0.322236 0.000000 0.000000 0.000000 1.000000
0.726853 0.054160 -0.684655 -0.107494 0.001919 0.996722 0.080884 105.352303 0.686791 -0.060104 0.724366 -0.336502 0.000000 0.000000 0.000000 1.000000
0.726981 0.053906 -0.684538 -0.106370 0.001923 0.996750 0.080535 105.347427 0.686655 -0.059864 0.724515 -0.351356 0.000000 0.000000 0.000000 1.000000
0.727026 0.053604 -0.684515 -0.103649 0.001964 0.996781 0.080143 105.343155 0.686608 -0.059610 0.724580 -0.365876 0.000000 0.000000 0.000000 1.000000
0.726920 0.053299 -0.684651 -0.099537 0.002050 0.996811 0.079777 105.338531 0.686719 -0.059395 0.724492 -0.377396 0.000000 0.000000 0.000000 1.000000
0.726718 0.053065 -0.684884 -0.095446 0.002141 0.996832 0.079507 105.334503 0.686933 -0.059245 0.724302 -0.381425 0.000000 0.000000 0.000000 1.000000
0.726529 0.052963 -0.685092 -0.092728 0.002179 0.996842 0.079375 105.333778 0.687132 -0.059160 0.724120 -0.373852 0.000000 0.000000 0.000000 1.000000
0.726418 0.052996 -0.685207 -0.091974 0.002138 0.996843 0.079366 105.339294 0.687250 -0.059118 0.724011 -0.353127 0.000000 0.000000 0.000000 1.000000
0.726338 0.053111 -0.685283 -0.093059 0.002044 0.996839 0.079423 105.352379 0.687335 -0.059088 0.723933 -0.320893 0.000000 0.000000 0.000000 1.000000
0.726180 0.053258 -0.685439 -0.095323 0.001934 0.996833 0.079502 105.371956 0.687502 -0.059058 0.723777 -0.280181 0.000000 0.000000 0.000000 1.000000
0.725877 0.053427 -0.685746 -0.098362 0.001845 0.996824 0.079617 105.395042 0.687822 -0.059057 0.723473 -0.233682 0.000000 0.000000 0.000000 1.000000
0.725476 0.053645 -0.686154 -0.102477 0.001790 0.996807 0.079825 105.418449 0.688245 -0.059139 0.723064 -0.183067 0.000000 0.000000 0.000000 1.000000
0.725108 0.053933 -0.686520 -0.108340 0.001763 0.996780 0.080169 105.440712 0.688633 -0.059342 0.722677 -0.129714 0.000000 0.000000 0.000000 1.000000
0.724884 0.054282 -0.686729 -0.116505 0.001749 0.996742 0.080633 105.462524 0.688869 -0.059651 0.722427 -0.075185 0.000000 0.000000 0.000000 1.000000
0.724823 0.054649 -0.686765 -0.127140 0.001732 0.996701 0.081140 105.486282 0.688933 -0.060001 0.722337 -0.020865 0.000000 0.000000 0.000000 1.000000
0.724862 0.054982 -0.686696 -0.140375 0.001703 0.996664 0.081598 105.514236 0.688892 -0.060316 0.722350 0.032955 0.000000 0.000000 0.000000 1.000000
0.724917 0.055245 -0.686617 -0.155557 0.001669 0.996635 0.081951 105.547150 0.688834 -0.060553 0.722386 0.087295 0.000000 0.000000 0.000000 1.000000
0.724928 0.055427 -0.686591 -0.170790 0.001665 0.996613 0.082213 105.583366 0.688822 -0.060742 0.722381 0.143203 0.000000 0.000000 0.000000 1.000000
0.724889 0.055544 -0.686623 -0.183848 0.001740 0.996593 0.082456 105.619431 0.688864 -0.060967 0.722323 0.200242 0.000000 0.000000 0.000000 1.000000
0.724871 0.055656 -0.686633 -0.194633 0.001895 0.996566 0.082779 105.651970 0.688882 -0.061305 0.722276 0.256735 0.000000 0.000000 0.000000 1.000000
0.724967 0.055860 -0.686515 -0.205438 0.002057 0.996526 0.083258 105.680061 0.688780 -0.061771 0.722334 0.311441 0.000000 0.000000 0.000000 1.000000
0.725200 0.056224 -0.686239 -0.218620 0.002133 0.996472 0.083896 105.706032 0.688535 -0.062305 0.722522 0.364260 0.000000 0.000000 0.000000 1.000000
0.725462 0.056721 -0.685921 -0.234219 0.002094 0.996412 0.084611 105.733566 0.688259 -0.062818 0.722740 0.415271 0.000000 0.000000 0.000000 1.000000
0.725615 0.057234 -0.685717 -0.250176 0.002008 0.996354 0.085286 105.764641 0.688098 -0.063262 0.722855 0.463468 0.000000 0.000000 0.000000 1.000000
0.725639 0.057635 -0.685658 -0.264657 0.001968 0.996308 0.085830 105.797684 0.688073 -0.063631 0.722846 0.506771 0.000000 0.000000 0.000000 1.000000
0.725658 0.057869 -0.685618 -0.277226 0.002007 0.996275 0.086214 105.829590 0.688053 -0.063938 0.722839 0.543847 0.000000 0.000000 0.000000 1.000000
0.725824 0.057975 -0.685433 -0.288242 0.002090 0.996252 0.086477 105.857086 0.687877 -0.064200 0.722982 0.574507 0.000000 0.000000 0.000000 1.000000
0.726174 0.058038 -0.685056 -0.297052 0.002173 0.996232 0.086703 105.877243 0.687507 -0.064450 0.723312 0.599094 0.000000 0.000000 0.000000 1.000000
0.726583 0.058132 -0.684615 -0.302702 0.002232 0.996209 0.086959 105.889168 0.687075 -0.064711 0.723699 0.618465 0.000000 0.000000 0.000000 1.000000
0.726858 0.058289 -0.684310 -0.305526 0.002244 0.996185 0.087237 105.895279 0.686785 -0.064944 0.723954 0.633825 0.000000 0.000000 0.000000 1.000000
0.726886 0.058483 -0.684264 -0.307692 0.002183 0.996166 0.087459 105.899979 0.686755 -0.065067 0.723971 0.646441 0.000000 0.000000 0.000000 1.000000
0.726671 0.058634 -0.684478 -0.311161 0.002066 0.996160 0.087527 105.906769 0.686982 -0.065017 0.723760 0.657229 0.000000 0.000000 0.000000 1.000000
0.726305 0.058638 -0.684867 -0.315761 0.001969 0.996173 0.087381 105.915627 0.687370 -0.064814 0.723410 0.666412 0.000000 0.000000 0.000000 1.000000
0.725917 0.058456 -0.685294 -0.320013 0.001962 0.996202 0.087054 105.922699 0.687780 -0.064539 0.723045 0.673235 0.000000 0.000000 0.000000 1.000000
0.725649 0.058168 -0.685602 -0.322790 0.002030 0.996235 0.086671 105.922905 0.688062 -0.064284 0.722799 0.675679 0.000000 0.000000 0.000000 1.000000
0.725609 0.057916 -0.685666 -0.323910 0.002075 0.996263 0.086347 105.914192 0.688104 -0.064077 0.722777 0.671296 0.000000 0.000000 0.000000 1.000000
0.725791 0.057774 -0.685485 -0.323681 0.002006 0.996285 0.086093 105.899170 0.687912 -0.063861 0.722979 0.658726 0.000000 0.000000 0.000000 1.000000
0.726052 0.057703 -0.685214 -0.322591 0.001811 0.996309 0.085820 105.882660 0.687637 -0.063551 0.723268 0.638102 0.000000 0.000000 0.000000 1.000000
0.726205 0.057624 -0.685059 -0.321014 0.001544 0.996342 0.085444 105.868332 0.687476 -0.063108 0.723460 0.610757 0.000000 0.000000 0.000000 1.000000
0.726156 0.057482 -0.685123 -0.318725 0.001270 0.996385 0.084944 105.856461 0.687529 -0.062553 0.723458 0.578294 0.000000 0.000000 0.000000 1.000000
0.725938 0.057269 -0.685372 -0.314735 0.001027 0.996436 0.084348 105.844818 0.687759 -0.061936 0.723292 0.542103 0.000000 0.000000 0.000000 1.000000
0.725656 0.057007 -0.685692 -0.307745 0.000829 0.996489 0.083723 105.830635 0.688057 -0.061323 0.723061 0.503285 0.000000 0.000000 0.000000 1.000000
0.725433 0.056748 -0.685949 -0.297642 0.000668 0.996537 0.083149 105.812263 0.688293 -0.060777 0.722883 0.462885 0.000000 0.000000 0.000000 1.000000
0.725378 0.056532 -0.686026 -0.285461 0.000520 0.996577 0.082674 105.789360 0.688351 -0.060326 0.722865 0.422018 0.000000 0.000000 0.000000 1.000000
0.725524 0.056356 -0.685886 -0.272653 0.000367 0.996610 0.082275 105.763367 0.688197 -0.059945 0.723043 0.381720 0.000000 0.000000 0.000000 1.000000
0.725802 0.056179 -0.685606 -0.260107 0.000209 0.996642 0.081887 105.736610 0.687904 -0.059577 0.723352 0.342294 0.000000 0.000000 0.000000 1.000000
0.726069 0.055960 -0.685341 -0.248202 0.000075 0.996677 0.081460 105.710304 0.687622 -0.059197 0.723652 0.302671 0.000000 0.000000 0.000000 1.000000
0.726217 0.055689 -0.685206 -0.236946 0.000004 0.996713 0.081010 105.684502 0.687465 -0.058834 0.723830 0.261466 0.000000 0.000000 0.000000 1.000000
0.726228 0.055394 -0.685218 -0.226442 0.000011 0.996747 0.080591 105.657616 0.687454 -0.058535 0.723865 0.217854 0.000000 0.000000 0.000000 1.000000
0.726161 0.055113 -0.685312 -0.216933 0.000072 0.996776 0.080237 105.628349 0.687525 -0.058315 0.723816 0.171914 0.000000 0.000000 0.000000 1.000000
0.726081 0.054855 -0.685417 -0.208770 0.000151 0.996800 0.079935 105.597191 0.687609 -0.058142 0.723750 0.123971 0.000000 0.000000 0.000000 1.000000
0.726014 0.054610 -0.685508 -0.202159 0.000225 0.996823 0.079649 105.566719 0.687680 -0.057981 0.723695 0.074318 0.000000 0.000000 0.000000 1.000000
0.725955 0.054388 -0.685588 -0.197247 0.000285 0.996844 0.079382 105.538857 0.687742 -0.057823 0.723648 0.023155 0.000000 0.000000 0.000000 1.000000
0.725895 0.054215 -0.685665 -0.194024 0.000325 0.996861 0.079165 105.513657 0.687805 -0.057689 0.723599 -0.028891 0.000000 0.000000 0.000000 1.000000
0.725836 0.054098 -0.685737 -0.191956 0.000354 0.996873 0.079018 105.490120 0.687868 -0.057597 0.723547 -0.080946 0.000000 0.000000 0.000000 1.000000
0.725788 0.054003 -0.685796 -0.190050 0.000397 0.996881 0.078919 105.468140 0.687918 -0.057550 0.723503 -0.132205 0.000000 0.000000 0.000000 1.000000
0.725773 0.053897 -0.685820 -0.187212 0.000475 0.996887 0.078845 105.448120 0.687935 -0.057550 0.723487 -0.182018 0.000000 0.000000 0.000000 1.000000
0.725817 0.053790 -0.685782 -0.182752 0.000579 0.996890 0.078804 105.429626 0.687888 -0.057594 0.723528 -0.229152 0.000000 0.000000 0.000000 1.000000
0.725910 0.053711 -0.685690 -0.176008 0.000677 0.996890 0.078804 105.411209 0.687790 -0.057669 0.723616 -0.272315 0.000000 0.000000 0.000000 1.000000
0.726003 0.053667 -0.685595 -0.166199 0.000747 0.996888 0.078825 105.392715 0.687691 -0.057739 0.723703 -0.311300 0.000000 0.000000 0.000000 1.000000
0.726056 0.053644 -0.685539 -0.153345 0.000784 0.996887 0.078838 105.375648 0.687635 -0.057778 0.723754 -0.347420 0.000000 0.000000 0.000000 1.000000
0.726080 0.053629 -0.685515 -0.138654 0.000801 0.996887 0.078836 105.362122 0.687609 -0.057790 0.723777 -0.382080 0.000000 0.000000 0.000000 1.000000
0.726117 0.053607 -0.685478 -0.123693 0.000823 0.996888 0.078832 105.353210 0.687571 -0.057805 0.723813 -0.415202 0.000000 0.000000 0.000000 1.000000
0.726187 0.053564 -0.685408 -0.109237 0.000881 0.996887 0.078839 105.348602 0.687497 -0.057856 0.723879 -0.445118 0.000000 0.000000 0.000000 1.000000
0.726282 0.053506 -0.685311 -0.094999 0.000983 0.996884 0.078875 105.347443 0.687396 -0.057959 0.723967 -0.469350 0.000000 0.000000 0.000000 1.000000
0.726380 0.053464 -0.685210 -0.080651 0.001109 0.996877 0.078958 105.349632 0.687292 -0.058113 0.724053 -0.485187 0.000000 0.000000 0.000000 1.000000
0.726457 0.053473 -0.685129 -0.066604 0.001233 0.996865 0.079111 105.355560 0.687211 -0.058315 0.724113 -0.490437 0.000000 0.000000 0.000000 1.000000
0.726497 0.053569 -0.685078 -0.053904 0.001333 0.996845 0.079362 105.364876 0.687168 -0.058569 0.724134 -0.484195 0.000000 0.000000 0.000000 1.000000
0.726482 0.053778 -0.685078 -0.043187 0.001392 0.996816 0.079726 105.376526 0.687184 -0.058873 0.724094 -0.466828 0.000000 0.000000 0.000000 1.000000
0.726382 0.054099 -0.685159 -0.034173 0.001409 0.996778 0.080197 105.389671 0.687290 -0.059219 0.723965 -0.439385 0.000000 0.000000 0.000000 1.000000
0.726200 0.054516 -0.685318 -0.026742 0.001385 0.996733 0.080756 105.404579 0.687482 -0.059594 0.723752 -0.403155 0.000000 0.000000 0.000000 1.000000
0.726011 0.054998 -0.685481 -0.021550 0.001325 0.996683 0.081370 105.421646 0.687682 -0.059984 0.723530 -0.359727 0.000000 0.000000 0.000000 1.000000
0.725930 0.055485 -0.685527 -0.019538 0.001230 0.996634 0.081968 105.441406 0.687767 -0.060347 0.723418 -0.310553 0.000000 0.000000 0.000000 1.000000
0.726031 0.055885 -0.685388 -0.020739 0.001121 0.996595 0.082448 105.465179 0.687661 -0.060628 0.723496 -0.256653 0.000000 0.000000 0.000000 1.000000
0.726264 0.056150 -0.685119 -0.024151 0.001024 0.996569 0.082761 105.495148 0.687416 -0.060808 0.723714 -0.198551 0.000000 0.000000 0.000000 1.000000
0.726489 0.056301 -0.684868 -0.028868 0.000966 0.996553 0.082949 105.531891 0.687177 -0.060923 0.723931 -0.136521 0.000000 0.000000 0.000000 1.000000
0.726565 0.056392 -0.684780 -0.034271 0.000972 0.996541 0.083097 105.572891 0.687098 -0.061041 0.723997 -0.070900 0.000000 0.000000 0.000000 1.000000
0.726455 0.056483 -0.684888 -0.039577 0.001042 0.996525 0.083289 105.613281 0.687213 -0.061219 0.723872 -0.002717 0.000000 0.000000 0.000000 1.000000
0.726285 0.056656 -0.685055 -0.044516 0.001124 0.996498 0.083605 105.648369 0.687393 -0.061491 0.723678 0.065894 0.000000 0.000000 0.000000 1.000000
0.726216 0.056979 -0.685101 -0.049691 0.001153 0.996457 0.084096 105.676491 0.687466 -0.061862 0.723577 0.132347 0.000000 0.000000 0.000000 1.000000
0.726308 0.057429 -0.684966 -0.056646 0.001119 0.996404 0.084726 105.700073 0.687369 -0.062304 0.723631 0.194640 0.000000 0.000000 0.000000 1.000000
0.726474 0.057887 -0.684752 -0.066431 0.001084 0.996348 0.085379 105.723763 0.687193 -0.062768 0.723758 0.251843 0.000000 0.000000 0.000000 1.000000
0.726591 0.058245 -0.684597 -0.078388 0.001106 0.996300 0.085938 105.751091 0.687069 -0.063199 0.723839 0.303863 0.000000 0.000000 0.000000 1.000000
0.726607 0.058478 -0.684560 -0.090537 0.001175 0.996264 0.086352 105.782082 0.687053 -0.063549 0.723823 0.350918 0.000000 0.000000 0.000000 1.000000
0.726547 0.058634 -0.684611 -0.101352 0.001238 0.996239 0.086638 105.814339 0.687116 -0.063794 0.723742 0.393325 0.000000 0.000000 0.000000 1.000000
0.726466 0.058776 -0.684684 -0.110714 0.001268 0.996219 0.086865 105.844193 0.687201 -0.063973 0.723645 0.430664 0.000000 0.000000 0.000000 1.000000
0.726425 0.058938 -0.684714 -0.119978 0.001301 0.996196 0.087130 105.870171 0.687245 -0.064184 0.723585 0.463244 0.000000 0.000000 0.000000 1.000000
0.726478 0.059120 -0.684642 -0.130604 0.001381 0.996165 0.087486 105.891510 0.687188 -0.064503 0.723610 0.491018 0.000000 0.000000 0.000000 1.000000
0.726642 0.059310 -0.684451 -0.142912 0.001495 0.996128 0.087905 105.908455 0.687015 -0.064898 0.723740 0.514151 0.000000 0.000000 0.000000 1.000000
0.726846 0.059499 -0.684218 -0.156508 0.001590 0.996092 0.088308 105.921356 0.686799 -0.065274 0.723911 0.532353 0.000000 0.000000 0.000000 1.000000
0.726959 0.059663 -0.684084 -0.170556 0.001651 0.996064 0.088627 105.930008 0.686679 -0.065557 0.723999 0.544911 0.000000 0.000000 0.000000 1.000000
0.726902 0.059764 -0.684136 -0.184107 0.001713 0.996045 0.088832 105.933945 0.686739 -0.065744 0.723925 0.551613 0.000000 0.000000 0.000000 1.000000
0.726722 0.059779 -0.684326 -0.196592 0.001810 0.996036 0.088930 105.933212 0.686930 -0.065865 0.723733 0.553069 0.000000 0.000000 0.000000 1.000000
0.726558 0.059710 -0.684506 -0.208612 0.001931 0.996036 0.088934 105.928284 0.687103 -0.065937 0.723562 0.549947 0.000000 0.000000 0.000000 1.000000
0.726533 0.059570 -0.684545 -0.222143 0.002043 0.996043 0.088845 105.920547 0.687129 -0.065948 0.723537 0.542568 0.000000 0.000000 0.000000 1.000000
0.726680 0.059361 -0.684407 -0.239056 0.002129 0.996060 0.088652 105.911972 0.686973 -0.065879 0.723690 0.531582 0.000000 0.000000 0.000000 1.000000
0.726923 0.059076 -0.684173 -0.259627 0.002209 0.996087 0.088356 105.903984 0.686715 -0.065739 0.723948 0.517896 0.000000 0.000000 0.000000 1.000000
0.727142 0.058728 -0.683970 -0.282203 0.002329 0.996117 0.088006 105.895782 0.686483 -0.065585 0.724182 0.501709 0.000000 0.000000 0.000000 1.000000
0.727257 0.058376 -0.683879 -0.304271 0.002507 0.996144 0.087696 105.884727 0.686361 -0.065492 0.724306 0.481790 0.000000 0.000000 0.000000 1.000000
0.727299 0.058103 -0.683856 -0.323895 0.002686 0.996161 0.087494 105.868973 0.686315 -0.065471 0.724352 0.456786 0.000000 0.000000 0.000000 1.000000
0.727374 0.057928 -0.683792 -0.340348 0.002784 0.996174 0.087353 105.848846 0.686235 -0.065442 0.724430 0.425976 0.000000 0.000000 0.000000 1.000000
0.727563 0.057762 -0.683604 -0.354078 0.002783 0.996192 0.087137 105.826370 0.686035 -0.065300 0.724632 0.389279 0.000000 0.000000 0.000000 1.000000
0.727855 0.057503 -0.683316 -0.365985 0.002746 0.996225 0.086761 105.803322 0.685726 -0.065026 0.724950 0.346876 0.000000 0.000000 0.000000 1.000000
0.728151 0.057151 -0.683030 -0.376623 0.002742 0.996267 0.086284 105.781624 0.685412 -0.064701 0.725276 0.299851 0.000000 0.000000 0.000000 1.000000
0.728357 0.056782 -0.682841 -0.386023 0.002770 0.996308 0.085803 105.761169 0.685192 -0.064387 0.725511 0.248831 0.000000 0.000000 0.000000 1.000000
0.728461 0.056420 -0.682760 -0.393930 0.002784 0.996351 0.085303 105.740784 0.685081 -0.064041 0.725646 0.194158 0.000000 0.000000 0.000000 1.000000
0.728533 0.056006 -0.682717 -0.400020 0.002762 0.996404 0.084687 105.719391 0.685005 -0.063583 0.725759 0.136155 0.000000 0.000000 0.000000 1.000000
0.728651 0.055490 -0.682634 -0.404273 0.002738 0.996468 0.083924 105.697327 0.684880 -0.063020 0.725925 0.075815 0.000000 0.000000 0.000000 1.000000
0.728821 0.054888 -0.682501 -0.407838 0.002755 0.996539 0.083085 105.675751 0.684699 -0.062434 0.726147 0.014384 0.000000 0.000000 0.000000 1.000000
0.728991 0.054242 -0.682371 -0.412341 0.002816 0.996609 0.082229 105.655304 0.684518 -0.061866 0.726366 -0.047037 0.000000 0.000000 0.000000 1.000000
0.729101 0.053583 -0.682305 -0.418623 0.002876 0.996682 0.081345 105.634727 0.684400 -0.061272 0.726528 -0.107072 0.000000 0.000000 0.000000 1.000000
0.729135 0.052947 -0.682318 -0.426184 0.002898 0.996755 0.080443 105.611633 0.684363 -0.060631 0.726616 -0.163610 0.000000 0.000000 0.000000 1.000000
0.729106 0.052387 -0.682392 -0.434620 0.002899 0.996821 0.079624 105.584625 0.684394 -0.060032 0.726636 -0.214216 0.000000 0.000000 0.000000 1.000000
0.729024 0.051929 -0.682515 -0.444561 0.002942 0.996871 0.078989 105.554420 0.684482 -0.059593 0.726590 -0.257768 0.000000 0.000000 0.000000 1.000000
0.728891 0.051533 -0.682688 -0.457221 0.003054 0.996908 0.078513 105.523346 0.684623 -0.059313 0.726480 -0.294522 0.000000 0.000000 0.000000 1.000000
0.728734 0.051133 -0.682885 -0.473093 0.003203 0.996943 0.078067 105.494156 0.684789 -0.059077 0.726343 -0.324975 0.000000 0.000000 0.000000 1.000000
0.728621 0.050694 -0.683039 -0.491999 0.003340 0.996982 0.077557 105.468948 0.684909 -0.058791 0.726253 -0.349243 0.000000 0.000000 0.000000 1.000000
0.728620 0.050222 -0.683075 -0.513828 0.003459 0.997026 0.076994 105.448441 0.684910 -0.058462 0.726279 -0.368045 0.000000 0.000000 0.000000 1.000000
0.728720 0.049746 -0.683003 -0.538253 0.003571 0.997068 0.076431 105.431168 0.684803 -0.058135 0.726406 -0.383010 0.000000 0.000000 0.000000 1.000000
0.728816 0.049303 -0.682932 -0.564079 0.003673 0.997108 0.075905 105.414627 0.684700 -0.057829 0.726527 -0.395729 0.000000 0.000000 0.000000 1.000000
0.728774 0.048939 -0.683003 -0.590379 0.003755 0.997142 0.075454 105.397484 0.684744 -0.057553 0.726508 -0.406596 0.000000 0.000000 0.000000 1.000000
0.728532 0.048675 -0.683280 -0.618007 0.003829 0.997167 0.075118 105.380951 0.685001 -0.057342 0.726282 -0.414847 0.000000 0.000000 0.000000 1.000000
0.728123 0.048483 -0.683730 -0.649157 0.003921 0.997184 0.074886 105.367981 0.685435 -0.057207 0.725883 -0.419250 0.000000 0.000000 0.000000 1.000000
0.727644 0.048331 -0.684250 -0.685653 0.004006 0.997198 0.074696 105.359932 0.685943 -0.057093 0.725412 -0.418530 0.000000 0.000000 0.000000 1.000000
0.727206 0.048250 -0.684721 -0.726730 0.004012 0.997211 0.074531 105.354637 0.686408 -0.056946 0.724984 -0.411613 0.000000 0.000000 0.000000 1.000000
0.726880 0.048322 -0.685063 -0.768992 0.003909 0.997214 0.074488 105.347931 0.686753 -0.056822 0.724666 -0.398103 0.000000 0.000000 0.000000 1.000000
0.726690 0.048572 -0.685246 -0.808671 0.003770 0.997200 0.074682 105.338089 0.686955 -0.056854 0.724473 -0.378252 0.000000 0.000000 0.000000 1.000000
0.726652 0.048917 -0.685262 -0.844108 0.003707 0.997168 0.075112 105.328537 0.686996 -0.057121 0.724413 -0.352672 0.000000 0.000000 0.000000 1.000000
0.726790 0.049232 -0.685093 -0.876942 0.003774 0.997127 0.075660 105.326378 0.686850 -0.057575 0.724516 -0.322336 0.000000 0.000000 0.000000 1.000000
0.727098 0.049437 -0.684752 -0.909233 0.003939 0.997087 0.076169 105.337547 0.686523 -0.058080 0.724785 -0.288743 0.000000 0.000000 0.000000 1.000000
0.727489 0.049523 -0.684330 -0.940391 0.004110 0.997059 0.076524 105.362007 0.686107 -0.058483 0.725146 -0.253473 0.000000 0.000000 0.000000 1.000000
0.727823 0.049569 -0.683971 -0.966973 0.004189 0.997044 0.076716 105.392815 0.685752 -0.058701 0.725464 -0.217920 0.000000 0.000000 0.000000 1.000000
0.727953 0.049707 -0.683823 -0.985869 0.004153 0.997031 0.076895 105.420578 0.685615 -0.058816 0.725585 -0.182891 0.000000 0.000000 0.000000 1.000000
0.727831 0.050037 -0.683928 -0.997426 0.004092 0.997000 0.077296 105.439377 0.685744 -0.059057 0.725443 -0.147903 0.000000 0.000000 0.000000 1.000000
0.727621 0.050551 -0.684114 -1.005801 0.004119 0.996941 0.078048 105.450882 0.685967 -0.059607 0.725187 -0.110100 0.000000 0.000000 0.000000 1.000000
0.727622 0.051135 -0.684069 -1.016578 0.004250 0.996863 0.079038 105.463165 0.685965 -0.060418 0.725122 -0.065184 0.000000 0.000000 0.000000 1.000000
0.727982 0.051644 -0.683648 -1.032822 0.004423 0.996784 0.080009 105.486023 0.685582 -0.061269 0.725413 -0.010889 0.000000 0.000000 0.000000 1.000000
0.728519 0.052001 -0.683049 -1.053211 0.004590 0.996722 0.080777 105.523956 0.685010 -0.061983 0.725892 0.050631 0.000000 0.000000 0.000000 1.000000
0.728915 0.052263 -0.682607 -1.073447 0.004733 0.996673 0.081364 105.572830 0.684588 -0.062538 0.726242 0.114816 0.000000 0.000000 0.000000 1.000000
0.729022 0.052557 -0.682470 -1.089277 0.004827 0.996628 0.081907 105.622421 0.684474 -0.063007 0.726310 0.178528 0.000000 0.000000 0.000000 1.000000
0.728927 0.052948 -0.682541 -1.098727 0.004868 0.996579 0.082508 105.664391 0.684575 -0.063464 0.726175 0.240928 0.000000 0.000000 0.000000 1.000000
0.728812 0.053408 -0.682628 -1.102614 0.004878 0.996523 0.083174 105.696823 0.684697 -0.063948 0.726017 0.301765 0.000000 0.000000 0.000000 1.000000
0.728824 0.053877 -0.682578 -1.103688 0.004870 0.996466 0.083852 105.723289 0.684684 -0.064437 0.725986 0.360119 0.000000 0.000000 0.000000 1.000000
0.728980 0.054296 -0.682378 -1.104024 0.004840 0.996416 0.084454 105.748093 0.684518 -0.064868 0.726104 0.415222 0.000000 0.000000 0.000000 1.000000
0.729120 0.054595 -0.682205 -1.103182 0.004814 0.996379 0.084882 105.773666 0.684369 -0.065173 0.726217 0.467048 0.000000 0.000000 0.000000 1.000000
0.729025 0.054741 -0.682294 -1.099131 0.004829 0.996361 0.085099 105.799606 0.684470 -0.065335 0.726108 0.515692 0.000000 0.000000 0.000000 1.000000
0.728643 0.054802 -0.682698 -1.090948 0.004870 0.996354 0.085178 105.824837 0.684876 -0.065389 0.725719 0.561085 0.000000 0.000000 0.000000 1.000000
0.728145 0.054898 -0.683221 -1.080230 0.004867 0.996348 0.085245 105.848412 0.685406 -0.065396 0.725219 0.602554 0.000000 0.000000 0.000000 1.000000
0.727768 0.055086 -0.683607 -1.069385 0.004774 0.996338 0.085369 105.869011 0.685807 -0.065393 0.724840 0.638715 0.000000 0.000000 0.000000 1.000000
0.727626 0.055312 -0.683740 -1.059147 0.004623 0.996326 0.085519 105.884811 0.685958 -0.065387 0.724697 0.668343 0.000000 0.000000 0.000000 1.000000
0.727661 0.055498 -0.683688 -1.048343 0.004475 0.996316 0.085638 105.894196 0.685922 -0.065375 0.724733 0.691182 0.000000 0.000000 0.000000 1.000000
0.727724 0.055610 -0.683612 -1.035425 0.004386 0.996310 0.085716 105.896790 0.685856 -0.065376 0.724794 0.707227 0.000000 0.000000 0.000000 1.000000
0.727732 0.055668 -0.683599 -1.019798 0.004367 0.996304 0.085782 105.894432 0.685848 -0.065412 0.724799 0.716133 0.000000 0.000000 0.000000 1.000000
0.727783 0.055704 -0.683541 -1.001719 0.004382 0.996298 0.085857 105.889084 0.685793 -0.065481 0.724845 0.716916 0.000000 0.000000 0.000000 1.000000
0.728030 0.055721 -0.683277 -0.981349 0.004381 0.996293 0.085915 105.881424 0.685531 -0.065542 0.725087 0.708585 0.000000 0.000000 0.000000 1.000000
0.728444 0.055684 -0.682839 -0.958747 0.004347 0.996296 0.085884 105.872864 0.685092 -0.065530 0.725503 0.691003 0.000000 0.000000 0.000000 1.000000
0.728768 0.055558 -0.682504 -0.934293 0.004309 0.996311 0.085705 105.866585 0.684748 -0.065400 0.725840 0.665051 0.000000 0.000000 0.000000 1.000000
0.728755 0.055356 -0.682533 -0.908379 0.004293 0.996338 0.085390 105.865341 0.684761 -0.065159 0.725849 0.631896 0.000000 0.000000 0.000000 1.000000
0.728393 0.055128 -0.682938 -0.881221 0.004295 0.996371 0.085010 105.868156 0.685146 -0.064854 0.725513 0.591984 0.000000 0.000000 0.000000 1.000000
0.727893 0.054920 -0.683488 -0.853103 0.004284 0.996404 0.084626 105.870239 0.685678 -0.064527 0.725040 0.545879 0.000000 0.000000 0.000000 1.000000
0.727532 0.054735 -0.683887 -0.825116 0.004245 0.996434 0.084265 105.865936 0.686061 -0.064209 0.724705 0.495441 0.000000 0.000000 0.000000 1.000000
0.727464 0.054540 -0.683975 -0.798297 0.004208 0.996463 0.083933 105.852486 0.686133 -0.063936 0.724661 0.443408 0.000000 0.000000 0.000000 1.000000
0.727652 0.054285 -0.683795 -0.772598 0.004237 0.996489 0.083618 105.830452 0.685933 -0.063742 0.724868 0.390806 0.000000 0.000000 0.000000 1.000000
0.727965 0.053969 -0.683487 -0.747345 0.004351 0.996513 0.083320 105.802635 0.685600 -0.063628 0.725192 0.337011 0.000000 0.000000 0.000000 1.000000
0.728290 0.053672 -0.683164 -0.722814 0.004478 0.996534 0.083066 105.772041 0.685255 -0.063555 0.725525 0.282524 0.000000 0.000000 0.000000 1.000000
0.728509 0.053478 -0.682946 -0.700530 0.004546 0.996549 0.082883 105.741013 0.685021 -0.063486 0.725751 0.230052 0.000000 0.000000 0.000000 1.000000
0.728467 0.053358 -0.683000 -0.682389 0.004575 0.996561 0.082734 105.712936 0.685065 -0.063393 0.725718 0.181880 0.000000 0.000000 0.000000 1.000000
0.728112 0.053197 -0.683391 -0.669872 0.004637 0.996579 0.082517 105.691315 0.685442 -0.063251 0.725374 0.136781 0.000000 0.000000 0.000000 1.000000
0.727627 0.052933 -0.683928 -0.664090 0.004726 0.996608 0.082161 105.676781 0.685957 -0.063014 0.724908 0.091252 0.000000 0.000000 0.000000 1.000000
0.727312 0.052631 -0.684286 -0.665307 0.004726 0.996647 0.081679 105.664612 0.686290 -0.062640 0.724625 0.043864 0.000000 0.000000 0.000000 1.000000
0.727343 0.052428 -0.684269 -0.671562 0.004509 0.996691 0.081158 105.646217 0.686260 -0.062115 0.724700 -0.003241 0.000000 0.000000 0.000000 1.000000
0.727665 0.052416 -0.683928 -0.677757 0.004059 0.996730 0.080707 105.616249 0.685921 -0.061504 0.725072 -0.047640 0.000000 0.000000 0.000000 1.000000
0.728112 0.052539 -0.683442 -0.677700 0.003531 0.996757 0.080387 105.577415 0.685449 -0.060944 0.725565 -0.090090 0.000000 0.000000 0.000000 1.000000
0.728565 0.052639 -0.682951 -0.668713 0.003130 0.996777 0.080167 105.538780 0.684970 -0.060545 0.726052 -0.133045 0.000000 0.000000 0.000000 1.000000
0.729012 0.052581 -0.682478 -0.653464 0.002931 0.996796 0.079928 105.509064 0.684494 -0.060269 0.726523 -0.176930 0.000000 0.000000 0.000000 1.000000
0.729450 0.052336 -0.682029 -0.636236 0.002833 0.996829 0.079523 105.491341 0.684028 -0.059940 0.726989 -0.219298 0.000000 0.000000 0.000000 1.000000
0.729768 0.051961 -0.681717 -0.618352 0.002687 0.996882 0.078859 105.481422 0.683690 -0.059381 0.727353 -0.257449 0.000000 0.000000 0.000000 1.000000
0.729790 0.051554 -0.681725 -0.597603 0.002437 0.996950 0.078001 105.470642 0.683668 -0.058586 0.727438 -0.290434 0.000000 0.000000 0.000000 1.000000
0.729449 0.051230 -0.682114 -0.572833 0.002147 0.997015 0.077177 105.451813 0.684032 -0.057762 0.727161 -0.318476 0.000000 0.000000 0.000000 1.000000
0.728909 0.051067 -0.682703 -0.546884 0.001926 0.997057 0.076637 105.424706 0.684607 -0.057176 0.726666 -0.341492 0.000000 0.000000 0.000000 1.000000
0.728471 0.051089 -0.683169 -0.525355 0.001797 0.997070 0.076479 105.396111 0.685074 -0.056940 0.726245 -0.358498 0.000000 0.000000 0.000000 1.000000
0.728328 0.051266 -0.683308 -0.512423 0.001684 0.997060 0.076601 105.374344 0.685227 -0.056941 0.726101 -0.368379 0.000000 0.000000 0.000000 1.000000
0.728385 0.051502 -0.683230 -0.507018 0.001527 0.997047 0.076785 105.362823 0.685166 -0.056972 0.726155 -0.370771 0.000000 0.000000 0.000000 1.000000
0.728349 0.051656 -0.683257 -0.504486 0.001370 0.997043 0.076839 105.359116 0.685205 -0.056901 0.726124 -0.366009 0.000000 0.000000 0.000000 1.000000
0.727977 0.051647 -0.683653 -0.501260 0.001292 0.997053 0.076699 105.358429 0.685600 -0.056719 0.725765 -0.354310 0.000000 0.000000 0.000000 1.000000
0.727262 0.051520 -0.684423 -0.497235 0.001302 0.997074 0.076437 105.359344 0.686359 -0.056481 0.725067 -0.335036 0.000000 0.000000 0.000000 1.000000
0.726419 0.051367 -0.685329 -0.494480 0.001352 0.997094 0.076167 105.363243 0.687250 -0.056256 0.724239 -0.307121 0.000000 0.000000 0.000000 1.000000
