<?xml version="1.0" encoding="utf-8"?>
<COLLADA xmlns="http://www.collada.org/2005/11/COLLADASchema" version="1.4.1">
  <asset>
    <contributor>
      <author>Mixamo</author>
      <authoring_tool>COLLADA Mixamo exporter</authoring_tool>
      <comments/>
    </contributor>
    <created>2024-05-07T06:44:29Z</created>
    <modified>2024-05-07T06:44:29Z</modified>
    <revision/>
    <title/>
    <unit meter="0.010000"/>
    <up_axis>Y_UP</up_axis>
  </asset>
  <library_animations>
    <animation id="mixamorig_Hips-anim" name="mixamorig_Hips">
      <source id="mixamorig_Hips-Matrix-animation-input">
        <float_array id="mixamorig_Hips-Matrix-animation-input-array" count="31">

0.000000 0.033333 0.066667 0.100000 0.133333 0.166667 0.200000 0.233333 0.266667 0.300000 0.333333 0.366667 0.400000 0.433333 0.466667 0.500000
0.533333 0.566667 0.600000 0.633333 0.666667 0.700000 0.733333 0.766667 0.800000 0.833333 0.866667 0.900000 0.933333 0.966667 1.000000</float_array>
        <technique_common>
          <accessor source="#mixamorig_Hips-Matrix-animation-input-array" count="31">
            <param name="TIME" type="float"/>
          </accessor>
        </technique_common>
      </source>
      <source id="mixamorig_Hips-Matrix-animation-output-transform">
        <float_array id="mixamorig_Hips-Matrix-animation-output-transform-array" count="496">

0.951312 -0.049836 0.304176 0.285876 0.157285 0.927179 -0.340002 94.563065 -0.265081 0.371290 0.889874 -0.119120 0.000000 0.000000 0.000000 1.000000
0.971061 0.089017 0.221624 0.019504 -0.039832 0.975311 -0.217214 107.310699 -0.235488 0.202100 0.950632 0.342638 0.000000 0.000000 0.000000 1.000000
0.967404 0.217970 0.128912 0.343231 -0.206958 0.973866 -0.093564 121.406822 -0.145937 0.063835 0.987232 0.933299 0.000000 0.000000 0.000000 1.000000
0.958428 0.279625 0.056795 0.624625 -0.280754 0.959694 0.012813 136.052231 -0.050923 -0.028226 0.998304 1.272588 0.000000 0.000000 0.000000 1.000000
0.971071 0.238080 0.018397 0.241420 -0.238769 0.967087 0.087936 151.302261 0.003144 -0.089785 0.995956 1.764104 0.000000 0.000000 0.000000 1.000000
0.991770 0.127997 0.003052 -0.690176 -0.127067 0.981080 0.146067 166.536331 0.015702 -0.145252 0.989270 2.485633 0.000000 0.000000 0.000000 1.000000
0.999509 0.030133 -0.008577 -1.635402 -0.027866 0.980153 0.196272 180.698929 0.014321 -0.195937 0.980512 3.102470 0.000000 0.000000 0.000000 1.000000
0.999488 0.002544 -0.031889 -2.183422 0.004644 0.974739 0.223298 193.177109 0.031652 -0.223332 0.974228 3.556679 0.000000 0.000000 0.000000 1.000000
0.997021 0.039754 -0.066091 -2.208975 -0.024681 0.976317 0.214933 203.807526 0.073070 -0.212661 0.974390 4.128304 0.000000 0.000000 0.000000 1.000000
0.991059 0.096231 -0.092424 -2.153802 -0.078195 0.980172 0.182068 212.232285 0.108113 -0.173213 0.978933 4.797235 0.000000 0.000000 0.000000 1.000000
0.986526 0.131741 -0.097006 -2.396950 -0.116679 0.982188 0.147287 217.728928 0.114682 -0.133984 0.984325 5.298930 0.000000 0.000000 0.000000 1.000000
0.987811 0.130745 -0.084466 -2.878397 -0.119466 0.984675 0.127058 219.654755 0.099783 -0.115418 0.988292 5.573309 0.000000 0.000000 0.000000 1.000000
0.993296 0.093350 -0.068180 -3.459270 -0.084652 0.989048 0.120906 218.009140 0.078720 -0.114323 0.990320 6.187757 0.000000 0.000000 0.000000 1.000000
0.998397 0.024997 -0.050784 -3.944737 -0.019072 0.993300 0.113980 211.155518 0.053293 -0.112829 0.992184 7.428160 0.000000 0.000000 0.000000 1.000000
0.997622 -0.064869 -0.023274 -4.346932 0.066821 0.993110 0.096267 199.989059 0.016869 -0.097593 0.995083 8.793815 0.000000 0.000000 0.000000 1.000000
0.988400 -0.150580 0.019778 -4.598331 0.148649 0.985868 0.077249 185.134872 -0.031131 -0.073413 0.996816 9.688896 0.000000 0.000000 0.000000 1.000000
0.975896 -0.206496 0.070617 -4.679009 0.201206 0.976650 0.075312 167.932312 -0.084520 -0.059288 0.994656 10.420724 0.000000 0.000000 0.000000 1.000000
0.969638 -0.216006 0.114645 -4.677346 0.205708 0.973967 0.095249 150.284088 -0.132235 -0.068774 0.988830 10.873191 0.000000 0.000000 0.000000 1.000000
0.974707 -0.176022 0.137706 -4.560481 0.159717 0.979632 0.121704 133.542755 -0.156324 -0.096632 0.982967 10.903408 0.000000 0.000000 0.000000 1.000000
0.985753 -0.101390 0.134209 -4.265380 0.083338 0.987485 0.133896 120.109947 -0.146105 -0.120803 0.981866 10.606701 0.000000 0.000000 0.000000 1.000000
0.993042 -0.029953 0.113887 -3.719304 0.016467 0.992929 0.117564 107.844765 -0.116603 -0.114870 0.986513 9.971437 0.000000 0.000000 0.000000 1.000000
0.995040 0.009745 0.098992 -2.760947 -0.016031 0.997891 0.062899 98.394691 -0.098171 -0.064174 0.993098 9.049103 0.000000 0.000000 0.000000 1.000000
0.992960 -0.007709 0.118199 -1.576455 0.011443 0.999456 -0.030947 93.688805 -0.117896 0.032082 0.992508 7.870555 0.000000 0.000000 0.000000 1.000000
0.981562 -0.070450 0.177689 -0.670368 0.096094 0.985461 -0.140113 93.556053 -0.165235 0.154604 0.974061 7.362824 0.000000 0.000000 0.000000 1.000000
0.954146 -0.141476 0.263801 -0.534722 0.203933 0.952334 -0.226874 96.066376 -0.219129 0.270268 0.937517 7.382469 0.000000 0.000000 0.000000 1.000000
0.917902 -0.178075 0.354605 -0.917773 0.284354 0.918489 -0.274811 97.408546 -0.276764 0.353083 0.893719 7.323607 0.000000 0.000000 0.000000 1.000000
0.884843 -0.166690 0.435049 -1.234919 0.315251 0.901774 -0.295671 96.690102 -0.343031 0.398772 0.850477 6.797812 0.000000 0.000000 0.000000 1.000000
0.863096 -0.129541 0.488143 -1.208719 0.309613 0.899333 -0.308773 95.504219 -0.399004 0.417636 0.816318 5.536346 0.000000 0.000000 0.000000 1.000000
0.866869 -0.091347 0.490096 -0.833068 0.278544 0.904059 -0.324177 94.779457 -0.413463 0.417532 0.809145 3.831636 0.000000 0.000000 0.000000 1.000000
0.901306 -0.064407 0.428367 -0.264258 0.225934 0.913621 -0.338010 94.557228 -0.369595 0.401433 0.838004 1.953356 0.000000 0.000000 0.000000 1.000000
0.951312 -0.049836 0.304176 0.285878 0.157285 0.927179 -0.340002 94.563072 -0.265081 0.371290 0.889874 -0.119122 0.000000 0.000000 0.000000 1.000000</float_array>
        <technique_common>
          <accessor source="#mixamorig_Hips-Matrix-animation-output-transform-array" count="31" stride="16">
            <param type="float4x4"/>
          </accessor>
        </technique_common>
      </source>
      <source id="mixamorig_Hips-Interpolations">
        <Name_array id="mixamorig_Hips-Interpolations-array" count="31">
 LINEAR LINEAR LINEAR LINEAR LINEAR LINEAR LINEAR LINEAR LINEAR LINEAR LINEAR
LINEAR LINEAR LINEAR LINEAR LINEAR LINEAR LINEAR LINEAR LINEAR LINEAR LINEAR LINEAR
LINEAR LINEAR LINEAR LINEAR LINEAR LINEAR LINEAR LINEAR</Name_array>
        <technique_common>
          <accessor source="#mixamorig_Hips-Interpolations-array" count="31">
            <param type="name"/>
          </accessor>
        </technique_common>
      </source>
      <sampler id="mixamorig_Hips-Matrix-animation-transform">
        <input semantic="INPUT" source="#mixamorig_Hips-Matrix-animation-input"/>
        <input semantic="OUTPUT" source="#mixamorig_Hips-Matrix-animation-output-transform"/>
        <input semantic="INTERPOLATION" source="#mixamorig_Hips-Interpolations"/>
      </sampler>
      <channel source="#mixamorig_Hips-Matrix-animation-transform" target="mixamorig_Hips/matrix"/>
    </animation>
    <animation id="mixamorig_Spine-anim" name="mixamorig_Spine">
      <source id="mixamorig_Spine-Matrix-animation-input">
        <float_array id="mixamorig_Spine-Matrix-animation-input-array" count="31">

0.000000 0.033333 0.066667 0.100000 0.133333 0.166667 0.200000 0.233333 0.266667 0.300000 0.333333 0.366667 0.400000 0.433333 0.466667 0.500000
0.533333 0.566667 0.600000 0.633333 0.666667 0.700000 0.733333 0.766667 0.800000 0.833333 0.866667 0.900000 0.933333 0.966667 1.000000</float_array>
        <technique_common>
          <accessor source="#mixamorig_Spine-Matrix-animation-input-array" count="31">
            <param name="TIME" type="float"/>
          </accessor>
        </technique_common>
      </source>
      <source id="mixamorig_Spine-Matrix-animation-output-transform">
        <float_array id="mixamorig_Spine-Matrix-animation-output-transform-array" count="496">

0.979211 0.010880 -0.202551 -0.000500 -0.062181 0.966585 -0.248690 10.964600 0.193077 0.256115 0.947168 -0.062000 0.000000 0.000000 0.000000 1.000000
0.982898 -0.022754 -0.182741 -0.000500 -0.015623 0.978455 -0.205867 10.964600 0.183489 0.205201 0.961366 -0.062000 0.000000 0.000000 0.000000 1.000000
0.980726 -0.083484 -0.176657 -0.000500 0.054547 0.985160 -0.162742 10.964600 0.187622 0.149969 0.970725 -0.062000 0.000000 0.000000 0.000000 1.000000
0.973546 -0.122074 -0.193150 -0.000500 0.095798 0.985507 -0.139998 10.964600 0.207441 0.117791 0.971130 -0.062000 0.000000 0.000000 0.000000 1.000000
0.970726 -0.089901 -0.222731 -0.000500 0.057952 0.987579 -0.146047 10.964600 0.233095 0.128864 0.963878 -0.062000 0.000000 0.000000 0.000000 1.000000
0.971055 -0.003666 -0.238827 -0.000500 -0.038660 0.984286 -0.172298 10.964600 0.235705 0.176544 0.955654 -0.062000 0.000000 0.000000 0.000000 1.000000
0.971126 0.066277 -0.229175 -0.000500 -0.116161 0.970433 -0.211582 10.964600 0.208375 0.232094 0.950112 -0.062000 0.000000 0.000000 0.000000 1.000000
0.976904 0.065192 -0.203492 -0.000500 -0.117340 0.959553 -0.255907 10.964600 0.178578 0.273874 0.945041 -0.062000 0.000000 0.000000 0.000000 1.000000
0.984527 0.001838 -0.175224 -0.000500 -0.054114 0.954260 -0.294042 10.964600 0.166669 0.298974 0.939594 -0.062000 0.000000 0.000000 0.000000 1.000000
0.985330 -0.072526 -0.154482 -0.000500 0.018641 0.945528 -0.325008 10.964600 0.169639 0.317360 0.933009 -0.062000 0.000000 0.000000 0.000000 1.000000
0.983092 -0.113788 -0.143466 -0.000500 0.056641 0.934028 -0.352681 10.964600 0.174132 0.338592 0.924680 -0.062000 0.000000 0.000000 0.000000 1.000000
0.984211 -0.108512 -0.139834 -0.000500 0.048977 0.926147 -0.373970 10.964600 0.170086 0.361217 0.916839 -0.062000 0.000000 0.000000 0.000000 1.000000
0.987543 -0.063244 -0.144077 -0.000500 0.003887 0.925192 -0.379479 10.964600 0.157298 0.374192 0.913914 -0.062000 0.000000 0.000000 0.000000 1.000000
0.986992 0.005611 -0.160673 -0.000500 -0.064393 0.929522 -0.363100 10.964600 0.147312 0.368723 0.917792 -0.062000 0.000000 0.000000 0.000000 1.000000
0.979462 0.080171 -0.185007 -0.000500 -0.137752 0.936101 -0.323634 10.964600 0.147239 0.342472 0.927919 -0.062000 0.000000 0.000000 0.000000 1.000000
0.971342 0.137989 -0.193532 -0.000500 -0.188516 0.943165 -0.273683 10.964600 0.144767 0.302323 0.942148 -0.062000 0.000000 0.000000 0.000000 1.000000
0.972352 0.165079 -0.165169 -0.000500 -0.201440 0.950728 -0.235667 10.964600 0.118127 0.262423 0.957695 -0.062000 0.000000 0.000000 0.000000 1.000000
0.983113 0.153554 -0.099548 -0.000500 -0.172490 0.959243 -0.223832 10.964600 0.061121 0.237223 0.969531 -0.062000 0.000000 0.000000 0.000000 1.000000
0.994939 0.099614 -0.013189 -0.000500 -0.099909 0.966681 -0.235681 10.964600 -0.010727 0.235806 0.971741 -0.062000 0.000000 0.000000 0.000000 1.000000
0.997321 0.011740 0.072203 -0.000500 0.007102 0.966833 -0.255311 10.964600 -0.072806 0.255140 0.964159 -0.062000 0.000000 0.000000 0.000000 1.000000
0.987325 -0.075918 0.139375 -0.000500 0.111023 0.957916 -0.264707 10.964600 -0.113414 0.276826 0.954204 -0.062000 0.000000 0.000000 0.000000 1.000000
0.973691 -0.129569 0.187451 -0.000500 0.175394 0.951300 -0.253506 10.964600 -0.145476 0.279715 0.948998 -0.062000 0.000000 0.000000 0.000000 1.000000
0.971733 -0.112981 0.207291 -0.000500 0.159959 0.960870 -0.226145 10.964600 -0.173630 0.252911 0.951782 -0.062000 0.000000 0.000000 0.000000 1.000000
0.982439 -0.026035 0.184757 -0.000500 0.062545 0.978879 -0.194640 10.964600 -0.175787 0.202777 0.963317 -0.062000 0.000000 0.000000 0.000000 1.000000
0.990391 0.090529 0.104548 -0.000500 -0.072818 0.984053 -0.162290 10.964600 -0.117573 0.153117 0.981189 -0.062000 0.000000 0.000000 0.000000 1.000000
0.985153 0.170436 -0.020620 -0.000500 -0.171671 0.976779 -0.128188 10.964600 -0.001707 0.129825 0.991535 -0.062000 0.000000 0.000000 0.000000 1.000000
0.971718 0.175894 -0.157562 -0.000500 -0.194565 0.974465 -0.112085 10.964600 0.133823 0.139571 0.981127 -0.062000 0.000000 0.000000 0.000000 1.000000
0.955755 0.125205 -0.266189 -0.000500 -0.165029 0.977300 -0.132854 10.964600 0.243513 0.170905 0.954721 -0.062000 0.000000 0.000000 0.000000 1.000000
0.948822 0.062568 -0.309550 -0.000500 -0.121491 0.977062 -0.174899 10.964600 0.291507 0.203556 0.934660 -0.062000 0.000000 0.000000 0.000000 1.000000
0.959077 0.021294 -0.282342 -0.000500 -0.085090 0.972751 -0.215676 10.964600 0.270056 0.230874 0.934755 -0.062000 0.000000 0.000000 0.000000 1.000000
0.979211 0.010880 -0.202551 -0.000500 -0.062181 0.966585 -0.248690 10.964600 0.193077 0.256115 0.947168 -0.062000 0.000000 0.000000 0.000000 1.000000</float_array>
        <technique_common>
          <accessor source="#mixamorig_Spine-Matrix-animation-output-transform-array" count="31" stride="16">
            <param type="float4x4"/>
          </accessor>
        </technique_common>
      </source>
      <source id="mixamorig_Spine-Interpolations">
        <Name_array id="mixamorig_Spine-Interpolations-array" count="31">
 LINEAR LINEAR LINEAR LINEAR LINEAR LINEAR LINEAR LINEAR LINEAR LINEAR LINEAR
LINEAR LINEAR LINEAR LINEAR LINEAR LINEAR LINEAR LINEAR LINEAR LINEAR LINEAR LINEAR
LINEAR LINEAR LINEAR LINEAR LINEAR LINEAR LINEAR LINEAR</Name_array>
        <technique_common>
          <accessor source="#mixamorig_Spine-Interpolations-array" count="31">
            <param type="name"/>
          </accessor>
        </technique_common>
      </source>
      <sampler id="mixamorig_Spine-Matrix-animation-transform">
        <input semantic="INPUT" source="#mixamorig_Spine-Matrix-animation-input"/>
        <input semantic="OUTPUT" source="#mixamorig_Spine-Matrix-animation-output-transform"/>
        <input semantic="INTERPOLATION" source="#mixamorig_Spine-Interpolations"/>
      </sampler>
      <channel source="#mixamorig_Spine-Matrix-animation-transform" target="mixamorig_Spine/matrix"/>
    </animation>
    <animation id="mixamorig_Spine1-anim" name="mixamorig_Spine1">
      <source id="mixamorig_Spine1-Matrix-animation-input">
        <float_array id="mixamorig_Spine1-Matrix-animation-input-array" count="31">

0.000000 0.033333 0.066667 0.100000 0.133333 0.166667 0.200000 0.233333 0.266667 0.300000 0.333333 0.366667 0.400000 0.433333 0.466667 0.500000
0.533333 0.566667 0.600000 0.633333 0.666667 0.700000 0.733333 0.766667 0.800000 0.833333 0.866667 0.900000 0.933333 0.966667 1.000000</float_array>
        <technique_common>
          <accessor source="#mixamorig_Spine1-Matrix-animation-input-array" count="31">
            <param name="TIME" type="float"/>
          </accessor>
        </technique_common>
      </source>
      <source id="mixamorig_Spine1-Matrix-animation-output-transform">
        <float_array id="mixamorig_Spine1-Matrix-animation-output-transform-array" count="496">

0.998510 0.015851 -0.052215 0.000600 -0.013929 0.999219 0.036969 12.633800 0.052761 -0.036187 0.997951 -0.357500 0.000000 0.000000 0.000000 1.000000
0.999387 -0.017757 -0.030185 0.000600 0.019253 0.998563 0.050014 12.633800 0.029254 -0.050565 0.998292 -0.357500 0.000000 0.000000 0.000000 1.000000
0.996813 -0.078575 -0.013754 0.000600 0.079462 0.993220 0.084848 12.633800 0.006994 -0.085670 0.996299 -0.357500 0.000000 0.000000 0.000000 1.000000
0.990388 -0.138267 -0.003695 0.000600 0.137724 0.983320 0.118804 12.633800 -0.012793 -0.118171 0.992911 -0.357500 0.000000 0.000000 0.000000 1.000000
0.985804 -0.167871 0.003238 0.000600 0.166105 0.977882 0.127104 12.633800 -0.024504 -0.124762 0.991884 -0.357500 0.000000 0.000000 0.000000 1.000000
0.986735 -0.161983 0.010724 0.000600 0.160122 0.982019 0.100000 12.633800 -0.026730 -0.096957 0.994930 -0.357500 0.000000 0.000000 0.000000 1.000000
0.990120 -0.139121 0.017557 0.000600 0.138203 0.989349 0.045701 12.633800 -0.023728 -0.042823 0.998801 -0.357500 0.000000 0.000000 0.000000 1.000000
0.992944 -0.117016 0.019196 0.000600 0.117400 0.992878 -0.020242 12.633800 -0.016691 0.022353 0.999611 -0.357500 0.000000 0.000000 0.000000 1.000000
0.995118 -0.097703 0.013932 0.000600 0.098540 0.991449 -0.085549 12.633800 -0.005455 0.086504 0.996237 -0.357500 0.000000 0.000000 0.000000 1.000000
0.997049 -0.076583 0.005323 0.000600 0.076551 0.986643 -0.143789 12.633800 0.005760 0.143772 0.989594 -0.357500 0.000000 0.000000 0.000000 1.000000
0.998496 -0.054819 -0.000967 0.000600 0.053632 0.980237 -0.190420 12.633800 0.011386 0.190082 0.981702 -0.357500 0.000000 0.000000 0.000000 1.000000
0.999311 -0.037085 -0.001342 0.000600 0.035892 0.975071 -0.218969 12.633800 0.009429 0.218770 0.975731 -0.357500 0.000000 0.000000 0.000000 1.000000
0.999721 -0.023320 0.003812 0.000600 0.023585 0.974856 -0.221586 12.633800 0.001451 0.221614 0.975133 -0.357500 0.000000 0.000000 0.000000 1.000000
0.999884 -0.010875 0.010694 0.000600 0.012808 0.979404 -0.201502 12.633800 -0.008283 0.201616 0.979430 -0.357500 0.000000 0.000000 0.000000 1.000000
0.999898 0.001652 0.014214 0.000600 0.000723 0.986206 -0.165518 12.633800 -0.014291 0.165511 0.986104 -0.357500 0.000000 0.000000 0.000000 1.000000
0.999853 0.012162 0.012075 0.000600 -0.010591 0.992406 -0.122548 12.633800 -0.013474 0.122402 0.992389 -0.357500 0.000000 0.000000 0.000000 1.000000
0.999823 0.017530 0.006889 0.000600 -0.016862 0.996031 -0.087395 12.633800 -0.008394 0.087263 0.996150 -0.357500 0.000000 0.000000 0.000000 1.000000
0.999839 0.017651 0.003182 0.000600 -0.017373 0.997214 -0.072537 12.633800 -0.004454 0.072470 0.997361 -0.357500 0.000000 0.000000 0.000000 1.000000
0.999890 0.014606 0.002534 0.000600 -0.014361 0.996785 -0.078830 12.633800 -0.003677 0.078785 0.996885 -0.357500 0.000000 0.000000 0.000000 1.000000
0.999941 0.010422 0.002911 0.000600 -0.010109 0.995701 -0.092077 12.633800 -0.003858 0.092042 0.995748 -0.357500 0.000000 0.000000 0.000000 1.000000
0.999976 0.006480 0.002645 0.000600 -0.006209 0.995748 -0.091905 12.633800 -0.003229 0.091887 0.995764 -0.357500 0.000000 0.000000 0.000000 1.000000
0.999990 0.003531 0.002881 0.000600 -0.003327 0.997683 -0.067946 12.633800 -0.003114 0.067935 0.997685 -0.357500 0.000000 0.000000 0.000000 1.000000
0.999984 0.002798 0.004879 0.000600 -0.002689 0.999749 -0.022233 12.633800 -0.004940 0.022220 0.999741 -0.357500 0.000000 0.000000 0.000000 1.000000
0.999967 0.005467 0.005991 0.000600 -0.005670 0.999391 0.034444 12.633800 -0.005799 -0.034476 0.999389 -0.357500 0.000000 0.000000 0.000000 1.000000
0.999932 0.011590 0.001293 0.000600 -0.011659 0.995890 0.089819 12.633800 -0.000246 -0.089828 0.995957 -0.357500 0.000000 0.000000 0.000000 1.000000
0.999763 0.018954 -0.010753 0.000600 -0.017351 0.990913 0.133382 12.633800 0.013184 -0.133163 0.991006 -0.357500 0.000000 0.000000 0.000000 1.000000
0.999376 0.023564 -0.026300 0.000600 -0.019215 0.987753 0.154838 12.633800 0.029627 -0.154236 0.987590 -0.357500 0.000000 0.000000 0.000000 1.000000
0.998952 0.022521 -0.039835 0.000600 -0.016482 0.989161 0.145909 12.633800 0.042689 -0.145100 0.988496 -0.357500 0.000000 0.000000 0.000000 1.000000
0.998660 0.018941 -0.048159 0.000600 -0.013266 0.993214 0.115545 12.633800 0.050021 -0.114751 0.992134 -0.357500 0.000000 0.000000 0.000000 1.000000
0.998532 0.016200 -0.051684 0.000600 -0.012254 0.997051 0.075761 12.633800 0.052759 -0.075016 0.995786 -0.357500 0.000000 0.000000 0.000000 1.000000
0.998510 0.015851 -0.052215 0.000600 -0.013929 0.999219 0.036970 12.633800 0.052761 -0.036187 0.997951 -0.357500 0.000000 0.000000 0.000000 1.000000</float_array>
        <technique_common>
          <accessor source="#mixamorig_Spine1-Matrix-animation-output-transform-array" count="31" stride="16">
            <param type="float4x4"/>
          </accessor>
        </technique_common>
      </source>
      <source id="mixamorig_Spine1-Interpolations">
        <Name_array id="mixamorig_Spine1-Interpolations-array" count="31">
 LINEAR LINEAR LINEAR LINEAR LINEAR LINEAR LINEAR LINEAR LINEAR LINEAR LINEAR
LINEAR LINEAR LINEAR LINEAR LINEAR LINEAR LINEAR LINEAR LINEAR LINEAR LINEAR LINEAR
LINEAR LINEAR LINEAR LINEAR LINEAR LINEAR LINEAR LINEAR</Name_array>
        <technique_common>
          <accessor source="#mixamorig_Spine1-Interpolations-array" count="31">
            <param type="name"/>
          </accessor>
        </technique_common>
      </source>
      <sampler id="mixamorig_Spine1-Matrix-animation-transform">
        <input semantic="INPUT" source="#mixamorig_Spine1-Matrix-animation-input"/>
        <input semantic="OUTPUT" source="#mixamorig_Spine1-Matrix-animation-output-transform"/>
        <input semantic="INTERPOLATION" source="#mixamorig_Spine1-Interpolations"/>
      </sampler>
      <channel source="#mixamorig_Spine1-Matrix-animation-transform" target="mixamorig_Spine1/matrix"/>
    </animation>
    <animation id="mixamorig_Spine2-anim" name="mixamorig_Spine2">
      <source id="mixamorig_Spine2-Matrix-animation-input">
        <float_array id="mixamorig_Spine2-Matrix-animation-input-array" count="31">

0.000000 0.033333 0.066667 0.100000 0.133333 0.166667 0.200000 0.233333 0.266667 0.300000 0.333333 0.366667 0.400000 0.433333 0.466667 0.500000
0.533333 0.566667 0.600000 0.633333 0.666667 0.700000 0.733333 0.766667 0.800000 0.833333 0.866667 0.900000 0.933333 0.966667 1.000000</float_array>
        <technique_common>
          <accessor source="#mixamorig_Spine2-Matrix-animation-input-array" count="31">
            <param name="TIME" type="float"/>
          </accessor>
        </technique_common>
      </source>
      <source id="mixamorig_Spine2-Matrix-animation-output-transform">
        <float_array id="mixamorig_Spine2-Matrix-animation-output-transform-array" count="496">

0.998552 0.012171 -0.052396 0.000000 -0.016464 0.996472 -0.082300 14.702400 0.051210 0.083043 0.995229 0.000000 0.000000 0.000000 0.000000 1.000000
0.999421 -0.019325 -0.028013 0.000000 0.016753 0.995865 -0.089288 14.702400 0.029623 0.088767 0.995612 0.000000 0.000000 0.000000 0.000000 1.000000
0.996830 -0.079350 -0.005773 0.000000 0.078613 0.993532 -0.081945 14.702400 0.012238 0.081232 0.996620 0.000000 0.000000 0.000000 0.000000 1.000000
0.990242 -0.138967 0.010470 0.000000 0.139361 0.987239 -0.077060 14.702400 0.000373 0.077768 0.996971 0.000000 0.000000 0.000000 0.000000 1.000000
0.985565 -0.168056 0.020480 0.000000 0.169241 0.981163 -0.093148 14.702400 -0.004440 0.095270 0.995442 -0.000000 0.000000 0.000000 0.000000 1.000000
0.986688 -0.160361 0.027045 -0.000000 0.162567 0.977049 -0.137651 14.702400 -0.004351 0.140215 0.990111 0.000000 0.000000 0.000000 0.000000 1.000000
0.990384 -0.134779 0.031218 0.000000 0.138319 0.969189 -0.203814 14.702400 -0.002786 0.206172 0.978512 0.000000 0.000000 0.000000 0.000000 1.000000
0.993393 -0.110546 0.030809 0.000000 0.114752 0.953784 -0.277719 14.702400 0.001316 0.279419 0.960168 -0.000000 0.000000 0.000000 0.000000 1.000000
0.995548 -0.091027 0.024479 0.000000 0.093849 0.932923 -0.347630 14.702400 0.008807 0.348380 0.937312 0.000000 0.000000 0.000000 0.000000 1.000000
0.997328 -0.071478 0.015068 0.000000 0.071399 0.910232 -0.407896 14.702400 0.015441 0.407882 0.912904 0.000000 0.000000 0.000000 0.000000 1.000000
0.998646 -0.051439 0.007805 0.000000 0.049345 0.888882 -0.455470 14.702400 0.016491 0.455239 0.890217 -0.000000 0.000000 0.000000 0.000000 1.000000
0.999409 -0.033853 0.005950 0.000000 0.032494 0.874097 -0.484663 14.702400 0.011207 0.484570 0.874681 -0.000000 0.000000 0.000000 0.000000 1.000000
0.999795 -0.018410 0.008437 -0.000000 0.020189 0.873504 -0.486399 14.702400 0.001585 0.486470 0.873696 -0.000000 0.000000 0.000000 0.000000 1.000000
0.999922 -0.004314 0.011756 0.000000 0.009251 0.887169 -0.461352 14.702400 -0.008439 0.461424 0.887139 0.000000 0.000000 0.000000 0.000000 1.000000
0.999899 0.007724 0.011951 -0.000000 -0.002090 0.910469 -0.413572 14.702400 -0.014075 0.413505 0.910393 0.000000 0.000000 0.000000 0.000000 1.000000
0.999851 0.015175 0.008169 -0.000000 -0.011341 0.936252 -0.351146 14.702400 -0.012977 0.351002 0.936285 -0.000000 0.000000 0.000000 0.000000 1.000000
0.999860 0.016327 0.003782 0.000000 -0.014516 0.956454 -0.291521 14.702400 -0.008378 0.291426 0.956557 0.000000 0.000000 0.000000 0.000000 1.000000
0.999912 0.013004 0.002601 0.000000 -0.011923 0.967422 -0.252889 14.702400 -0.005805 0.252835 0.967492 0.000000 0.000000 0.000000 0.000000 1.000000
0.999955 0.008210 0.004681 -0.000000 -0.006789 0.968595 -0.248550 14.702400 -0.006575 0.248508 0.968608 0.000000 0.000000 0.000000 0.000000 1.000000
0.999970 0.003646 0.006891 0.000000 -0.001674 0.963714 -0.266933 14.702400 -0.007614 0.266914 0.963690 -0.000000 0.000000 0.000000 0.000000 1.000000
0.999974 -0.000071 0.007190 0.000000 0.002109 0.958869 -0.283841 14.702400 -0.006874 0.283849 0.958844 0.000000 0.000000 0.000000 0.000000 1.000000
0.999971 -0.002576 0.007120 0.000000 0.004487 0.959050 -0.283201 14.702400 -0.006098 0.283225 0.959034 0.000000 0.000000 0.000000 0.000000 1.000000
0.999962 -0.002560 0.008322 0.000000 0.004643 0.965336 -0.260971 14.702400 -0.007366 0.260999 0.965311 0.000000 0.000000 0.000000 0.000000 1.000000
0.999967 0.000665 0.008077 0.000000 0.001157 0.974707 -0.223485 14.702400 -0.008021 0.223487 0.974674 0.000000 0.000000 0.000000 0.000000 1.000000
0.999981 0.005992 0.001188 -0.000000 -0.005678 0.983521 -0.180705 14.702400 -0.002251 0.180695 0.983537 -0.000000 0.000000 0.000000 0.000000 1.000000
0.999849 0.010895 -0.013507 0.000000 -0.012700 0.989822 -0.141740 14.702400 0.011825 0.141890 0.989812 -0.000000 0.000000 0.000000 0.000000 1.000000
0.999444 0.012765 -0.030805 -0.000000 -0.016244 0.993178 -0.115473 14.702400 0.029121 0.115909 0.992833 0.000000 0.000000 0.000000 0.000000 1.000000
0.998980 0.010957 -0.043806 0.000000 -0.015239 0.995007 -0.098639 14.702400 0.042506 0.099206 0.994159 0.000000 0.000000 0.000000 0.000000 1.000000
0.998676 0.009825 -0.050498 0.000000 -0.013741 0.996876 -0.077782 14.702400 0.049576 0.078373 0.995691 -0.000000 0.000000 0.000000 0.000000 1.000000
0.998562 0.010590 -0.052546 0.000000 -0.014087 0.997679 -0.066624 14.702400 0.051719 0.067269 0.996394 0.000000 0.000000 0.000000 0.000000 1.000000
0.998552 0.012171 -0.052396 0.000000 -0.016464 0.996472 -0.082299 14.702400 0.051210 0.083043 0.995229 -0.000000 0.000000 0.000000 0.000000 1.000000</float_array>
        <technique_common>
          <accessor source="#mixamorig_Spine2-Matrix-animation-output-transform-array" count="31" stride="16">
            <param type="float4x4"/>
          </accessor>
        </technique_common>
      </source>
      <source id="mixamorig_Spine2-Interpolations">
        <Name_array id="mixamorig_Spine2-Interpolations-array" count="31">
 LINEAR LINEAR LINEAR LINEAR LINEAR LINEAR LINEAR LINEAR LINEAR LINEAR LINEAR
LINEAR LINEAR LINEAR LINEAR LINEAR LINEAR LINEAR LINEAR LINEAR LINEAR LINEAR LINEAR
LINEAR LINEAR LINEAR LINEAR LINEAR LINEAR LINEAR LINEAR</Name_array>
        <technique_common>
          <accessor source="#mixamorig_Spine2-Interpolations-array" count="31">
            <param type="name"/>
          </accessor>
        </technique_common>
      </source>
      <sampler id="mixamorig_Spine2-Matrix-animation-transform">
        <input semantic="INPUT" source="#mixamorig_Spine2-Matrix-animation-input"/>
        <input semantic="OUTPUT" source="#mixamorig_Spine2-Matrix-animation-output-transform"/>
        <input semantic="INTERPOLATION" source="#mixamorig_Spine2-Interpolations"/>
      </sampler>
      <channel source="#mixamorig_Spine2-Matrix-animation-transform" target="mixamorig_Spine2/matrix"/>
    </animation>
    <animation id="mixamorig_Neck-anim" name="mixamorig_Neck">
      <source id="mixamorig_Neck-Matrix-animation-input">
        <float_array id="mixamorig_Neck-Matrix-animation-input-array" count="31">

0.000000 0.033333 0.066667 0.100000 0.133333 0.166667 0.200000 0.233333 0.266667 0.300000 0.333333 0.366667 0.400000 0.433333 0.466667 0.500000
0.533333 0.566667 0.600000 0.633333 0.666667 0.700000 0.733333 0.766667 0.800000 0.833333 0.866667 0.900000 0.933333 0.966667 1.000000</float_array>
        <technique_common>
          <accessor source="#mixamorig_Neck-Matrix-animation-input-array" count="31">
            <param name="TIME" type="float"/>
          </accessor>
        </technique_common>
      </source>
      <source id="mixamorig_Neck-Matrix-animation-output-transform">
        <float_array id="mixamorig_Neck-Matrix-animation-output-transform-array" count="496">

0.999269 0.023759 0.029938 -0.027900 -0.027425 0.991304 0.128702 16.208700 -0.026620 -0.129429 0.991231 -4.987700 0.000000 0.000000 0.000000 1.000000
0.999148 0.027136 0.031111 -0.027900 -0.031357 0.989025 0.144380 16.208700 -0.026851 -0.145233 0.989033 -4.987700 0.000000 0.000000 0.000000 1.000000
0.997666 0.061026 0.030636 -0.027900 -0.064621 0.988763 0.134800 16.208700 -0.022066 -0.136465 0.990399 -4.987700 0.000000 0.000000 0.000000 1.000000
0.993967 0.106475 0.026333 -0.027900 -0.108616 0.988915 0.101245 16.208700 -0.015261 -0.103494 0.994513 -4.987700 0.000000 0.000000 0.000000 1.000000
0.990502 0.136466 0.016826 -0.027900 -0.137227 0.988810 0.058505 16.208700 -0.008654 -0.060258 0.998145 -4.987700 0.000000 0.000000 0.000000 1.000000
0.990624 0.136553 0.004152 -0.027900 -0.136614 0.990288 0.025814 16.208700 -0.000586 -0.026140 0.999658 -4.987700 0.000000 0.000000 0.000000 1.000000
0.993204 0.116237 -0.005878 -0.027900 -0.116175 0.993178 0.010032 16.208700 0.007004 -0.009281 0.999932 -4.987700 0.000000 0.000000 0.000000 1.000000
0.995412 0.095377 -0.007628 -0.027900 -0.095351 0.995437 0.003765 16.208700 0.007952 -0.003020 0.999964 -4.987700 0.000000 0.000000 0.000000 1.000000
0.996419 0.084553 -0.000902 -0.027900 -0.084555 0.996415 -0.002760 16.208700 0.000666 0.002826 0.999996 -4.987700 0.000000 0.000000 0.000000 1.000000
0.996744 0.080179 0.008575 -0.027900 -0.080077 0.996721 -0.011611 16.208700 -0.009478 0.010886 0.999896 -4.987700 0.000000 0.000000 0.000000 1.000000
0.997130 0.074362 0.014208 -0.027900 -0.074092 0.997077 -0.018634 16.208700 -0.015552 0.017528 0.999725 -4.987700 0.000000 0.000000 0.000000 1.000000
0.997808 0.064737 0.013742 -0.027900 -0.064433 0.997689 -0.021544 16.208700 -0.015105 0.020612 0.999673 -4.987700 0.000000 0.000000 0.000000 1.000000
0.998433 0.055097 0.009813 -0.027900 -0.054849 0.998207 -0.023959 16.208700 -0.011116 0.023383 0.999665 -4.987700 0.000000 0.000000 0.000000 1.000000
0.998770 0.049129 0.006638 -0.027900 -0.048856 0.998142 -0.036410 16.208700 -0.008415 0.036041 0.999315 -4.987700 0.000000 0.000000 0.000000 1.000000
0.998895 0.046670 0.005501 -0.027900 -0.046196 0.996666 -0.067247 16.208700 -0.008621 0.066918 0.997721 -4.987700 0.000000 0.000000 0.000000 1.000000
0.999006 0.044390 0.004017 -0.027900 -0.043611 0.992113 -0.117514 16.208700 -0.009201 0.117222 0.993063 -4.987700 0.000000 0.000000 0.000000 1.000000
0.999198 0.040046 -0.000714 -0.027900 -0.039523 0.982948 -0.179589 16.208700 -0.006490 0.179473 0.983742 -4.987700 0.000000 0.000000 0.000000 1.000000
0.999269 0.037124 -0.009083 -0.027900 -0.038219 0.970934 -0.236278 16.208700 0.000048 0.236452 0.971643 -4.987700 0.000000 0.000000 0.000000 1.000000
0.998889 0.043437 -0.018298 -0.027900 -0.046753 0.962357 -0.267739 16.208700 0.005979 0.268297 0.963318 -4.987700 0.000000 0.000000 0.000000 1.000000
0.997707 0.063128 -0.024425 -0.027900 -0.067330 0.962670 -0.262170 16.208700 0.006962 0.263213 0.964713 -4.987700 0.000000 0.000000 0.000000 1.000000
0.995647 0.089649 -0.025502 -0.027900 -0.093076 0.970752 -0.221310 16.208700 0.004916 0.222720 0.974870 -4.987700 0.000000 0.000000 0.000000 1.000000
0.993822 0.108516 -0.023263 -0.027900 -0.110823 0.981569 -0.155695 16.208700 0.005939 0.157311 0.987531 -4.987700 0.000000 0.000000 0.000000 1.000000
0.993779 0.109257 -0.021598 -0.027900 -0.110540 0.991283 -0.071685 16.208700 0.013577 0.073626 0.997193 -4.987700 0.000000 0.000000 0.000000 1.000000
0.995328 0.093910 -0.022417 -0.027900 -0.093204 0.995173 0.030706 16.208700 0.025192 -0.028473 0.999277 -4.987700 0.000000 0.000000 0.000000 1.000000
0.996968 0.074119 -0.023670 -0.027900 -0.069937 0.986976 0.144869 16.208700 0.034099 -0.142774 0.989168 -4.987700 0.000000 0.000000 0.000000 1.000000
0.997928 0.060572 -0.021717 -0.027900 -0.053397 0.967847 0.245806 16.208700 0.035907 -0.244137 0.969076 -4.987700 0.000000 0.000000 0.000000 1.000000
0.998350 0.055445 -0.014913 -0.027900 -0.048431 0.952725 0.299950 16.208700 0.030839 -0.298733 0.953838 -4.987700 0.000000 0.000000 0.000000 1.000000
0.998556 0.053542 -0.004409 -0.027900 -0.049952 0.955526 0.290646 16.208700 0.019775 -0.290006 0.956820 -4.987700 0.000000 0.000000 0.000000 1.000000
0.998767 0.049098 0.007308 -0.027900 -0.049434 0.970470 0.236104 16.208700 0.004500 -0.236174 0.971700 -4.987700 0.000000 0.000000 0.000000 1.000000
0.999056 0.039125 0.018860 -0.027900 -0.041794 0.984165 0.172256 16.208700 -0.011821 -0.172882 0.984872 -4.987700 0.000000 0.000000 0.000000 1.000000
0.999269 0.023759 0.029938 -0.027900 -0.027425 0.991304 0.128702 16.208700 -0.026620 -0.129429 0.991231 -4.987700 0.000000 0.000000 0.000000 1.000000</float_array>
        <technique_common>
          <accessor source="#mixamorig_Neck-Matrix-animation-output-transform-array" count="31" stride="16">
            <param type="float4x4"/>
          </accessor>
        </technique_common>
      </source>
      <source id="mixamorig_Neck-Interpolations">
        <Name_array id="mixamorig_Neck-Interpolations-array" count="31">
 LINEAR LINEAR LINEAR LINEAR LINEAR LINEAR LINEAR LINEAR LINEAR LINEAR LINEAR
LINEAR LINEAR LINEAR LINEAR LINEAR LINEAR LINEAR LINEAR LINEAR LINEAR LINEAR LINEAR
LINEAR LINEAR LINEAR LINEAR LINEAR LINEAR LINEAR LINEAR</Name_array>
        <technique_common>
          <accessor source="#mixamorig_Neck-Interpolations-array" count="31">
            <param type="name"/>
          </accessor>
        </technique_common>
      </source>
      <sampler id="mixamorig_Neck-Matrix-animation-transform">
        <input semantic="INPUT" source="#mixamorig_Neck-Matrix-animation-input"/>
        <input semantic="OUTPUT" source="#mixamorig_Neck-Matrix-animation-output-transform"/>
        <input semantic="INTERPOLATION" source="#mixamorig_Neck-Interpolations"/>
      </sampler>
      <channel source="#mixamorig_Neck-Matrix-animation-transform" target="mixamorig_Neck/matrix"/>
    </animation>
    <animation id="mixamorig_Head-anim" name="mixamorig_Head">
      <source id="mixamorig_Head-Matrix-animation-input">
        <float_array id="mixamorig_Head-Matrix-animation-input-array" count="31">

0.000000 0.033333 0.066667 0.100000 0.133333 0.166667 0.200000 0.233333 0.266667 0.300000 0.333333 0.366667 0.400000 0.433333 0.466667 0.500000
0.533333 0.566667 0.600000 0.633333 0.666667 0.700000 0.733333 0.766667 0.800000 0.833333 0.866667 0.900000 0.933333 0.966667 1.000000</float_array>
        <technique_common>
          <accessor source="#mixamorig_Head-Matrix-animation-input-array" count="31">
            <param name="TIME" type="float"/>
          </accessor>
        </technique_common>
      </source>
      <source id="mixamorig_Head-Matrix-animation-output-transform">
        <float_array id="mixamorig_Head-Matrix-animation-output-transform-array" count="496">

0.994802 -0.066506 -0.077111 -0.000000 0.092577 0.906072 0.412871 7.472600 0.042410 -0.417863 0.907520 1.897700 0.000000 0.000000 0.000000 1.000000
0.997932 -0.062916 0.013144 0.000000 0.057469 0.964991 0.255910 7.472600 -0.028785 -0.254625 0.966611 1.897700 0.000000 0.000000 0.000000 1.000000
0.996109 -0.003321 0.088069 0.000000 0.001470 0.999777 0.021074 7.472600 -0.088119 -0.020863 0.995891 1.897700 0.000000 0.000000 0.000000 1.000000
0.988681 0.084438 0.124016 0.000000 -0.055123 0.973217 -0.223181 7.472600 -0.139540 0.213819 0.966856 1.897700 0.000000 0.000000 0.000000 1.000000
0.980533 0.156914 0.118036 -0.000000 -0.100728 0.917992 -0.383594 7.472600 -0.168547 0.364237 0.915928 1.897700 0.000000 0.000000 0.000000 1.000000
0.977504 0.189563 0.092479 0.000000 -0.133162 0.894681 -0.426396 7.472600 -0.163568 0.404489 0.899797 1.897700 0.000000 0.000000 0.000000 1.000000
0.978524 0.193002 0.072395 0.000000 -0.151828 0.912373 -0.380162 7.472600 -0.139423 0.361006 0.922083 1.897700 0.000000 0.000000 0.000000 1.000000
0.979147 0.190798 0.069763 0.000000 -0.163369 0.943637 -0.287853 7.472600 -0.120753 0.270453 0.955130 1.897700 0.000000 0.000000 0.000000 1.000000
0.977751 0.193500 0.081001 -0.000000 -0.176957 0.968197 -0.176864 7.472600 -0.112648 0.158595 0.980897 1.897700 0.000000 0.000000 0.000000 1.000000
0.976333 0.195427 0.092640 -0.000000 -0.190616 0.979932 -0.058291 7.472600 -0.102173 0.039253 0.993992 1.897700 0.000000 0.000000 0.000000 1.000000
0.977646 0.189107 0.091909 0.000000 -0.194686 0.979265 0.056010 7.472600 -0.079412 -0.072651 0.994191 1.897700 0.000000 0.000000 0.000000 1.000000
0.981746 0.174662 0.075286 0.000000 -0.184212 0.971707 0.147822 7.472600 -0.047337 -0.158992 0.986144 1.897700 0.000000 0.000000 0.000000 1.000000
0.986552 0.156120 0.048394 0.000000 -0.162801 0.964915 0.205995 7.472600 -0.014536 -0.211103 0.977356 1.897700 0.000000 0.000000 0.000000 1.000000
0.990705 0.134801 0.018232 -0.000000 -0.135391 0.964203 0.227994 7.472600 0.013154 -0.228344 0.973492 1.897700 0.000000 0.000000 0.000000 1.000000
0.993859 0.109368 -0.016797 0.000000 -0.102919 0.969455 0.222630 7.472600 0.040632 -0.219534 0.974758 1.897700 0.000000 0.000000 0.000000 1.000000
0.994555 0.080681 -0.065956 0.000000 -0.065998 0.977465 0.200515 7.472600 0.080647 -0.195071 0.977468 1.897700 0.000000 0.000000 0.000000 1.000000
0.989278 0.055590 -0.135051 0.000000 -0.031969 0.984726 0.171153 7.472600 0.142503 -0.165000 0.975945 1.897700 0.000000 0.000000 0.000000 1.000000
0.975091 0.045348 -0.217119 0.000000 -0.012175 0.988344 0.151752 7.472600 0.221470 -0.145328 0.964277 1.897700 0.000000 0.000000 0.000000 1.000000
0.954404 0.054286 -0.293540 0.000000 -0.009347 0.988279 0.152375 7.472600 0.298371 -0.142684 0.943725 1.897700 0.000000 0.000000 0.000000 1.000000
0.934981 0.067637 -0.348190 -0.000000 -0.016222 0.988777 0.148513 7.472600 0.354327 -0.133209 0.925585 1.897700 0.000000 0.000000 0.000000 1.000000
0.922090 0.057575 -0.382668 0.000000 -0.024479 0.995568 0.090805 7.472600 0.386201 -0.074363 0.919412 1.897700 0.000000 0.000000 0.000000 1.000000
0.912371 0.005092 -0.409333 -0.000000 -0.024474 0.998813 -0.042125 7.472600 0.408632 0.048452 0.911412 1.897700 0.000000 0.000000 0.000000 1.000000
0.900117 -0.080770 -0.428096 0.000000 -0.008432 0.979248 -0.202488 7.472600 0.435567 0.185872 0.880757 1.897700 0.000000 0.000000 0.000000 1.000000
0.888005 -0.165492 -0.429021 -0.000000 0.024030 0.948419 -0.316108 7.472600 0.459205 0.270396 0.846178 1.897700 0.000000 0.000000 0.000000 1.000000
0.883330 -0.220726 -0.413530 -0.000000 0.068485 0.933500 -0.351976 7.472600 0.463721 0.282590 0.839706 1.897700 0.000000 0.000000 0.000000 1.000000
0.887804 -0.242562 -0.391111 0.000000 0.115108 0.939855 -0.321595 7.472600 0.445594 0.240493 0.862328 1.897700 0.000000 0.000000 0.000000 1.000000
0.900386 -0.236397 -0.365268 0.000000 0.155309 0.958839 -0.237711 7.472600 0.406428 0.157302 0.900040 1.897700 0.000000 0.000000 0.000000 1.000000
0.922143 -0.205542 -0.327726 0.000000 0.182768 0.978139 -0.099199 7.472600 0.340951 0.031578 0.939551 1.897700 0.000000 0.000000 0.000000 1.000000
0.950629 -0.156964 -0.267705 -0.000000 0.186314 0.978555 0.087848 7.472600 0.248175 -0.133388 0.959488 1.897700 0.000000 0.000000 0.000000 1.000000
0.977564 -0.106155 -0.181934 0.000000 0.154402 0.948642 0.276114 7.472600 0.143279 -0.298010 0.943748 1.897700 0.000000 0.000000 0.000000 1.000000
0.994802 -0.066506 -0.077111 -0.000000 0.092577 0.906072 0.412871 7.472600 0.042410 -0.417863 0.907520 1.897700 0.000000 0.000000 0.000000 1.000000</float_array>
        <technique_common>
